277.95
278.6235
279.28
279.58
280.09
279.58
279.26
279.04
279.1732
279.32
279.5108
279.33
279.45
279.0
278.528
278.59
278.85
278.59
279.1254
279.5
279.1
278.88
278.735
278.48
278.31
278.85
278.69
278.19
278.2645
278.45
278.29
278.18
278.14
278.15
278.355
278.53
278.2627
278.28
278.12
278.61
278.58
279.08
279.395
279.21
279.47
279.36
279.09
279.47
279.13
279.32
279.88
279.69
279.65
279.7099
279.66
279.9916
280.35
280.58
280.3299
280.4
280.35
280.6
280.9558
281.0405
281.16
281.07
280.9097
281.24
281.27
281.14
280.9
280.77
280.7
280.88
280.815
280.96
281.21
281.38
281.4869
281.53
281.59
281.58
281.45
281.14
281.18
281.185
281.35
281.41
281.25
280.9
280.87
280.74
280.94
281.19
281.08
281.14
281.32
281.37
281.48
281.2799
281.11
281.14
280.966
280.7995
280.86
280.6
280.45
280.35
280.21
280.22
280.412
280.48
280.59
280.6801
280.838
280.56
280.6102
280.475
280.27
280.14
280.26
279.96
280.12
280.1518
280.0
280.25
280.9
280.7373
280.64
280.65
281.03
280.91
280.8
280.76
280.84
280.66
280.37
280.38
280.36
280.55
280.395
280.2521
280.4
280.37
280.29
280.3211
280.23
280.2392
280.45
280.14
280.27
280.22
280.1
279.92
279.94
279.975
280.105
280.27
280.23
280.2001
280.43
280.59
280.357
280.215
280.1601
280.0776
280.16
280.21
280.3499
280.08
279.67
279.5771
279.68
279.84
279.77
279.82
279.81
279.9564
279.84
279.77
279.5271
279.79
280.1
280.2
280.13
280.13
280.11
279.89
280.22
280.4023
280.36
280.34
280.27
279.99
279.98
280.0
280.02
279.87
279.98
280.1345
280.17
279.98
280.07
280.03
279.905
279.925
279.74
279.64
279.6
279.75
279.56
279.35
279.0098
278.955
278.74
278.835
278.815
278.8
278.71
278.694
278.78
278.94
278.95
279.03
278.885
278.82
278.885
278.8438
279.0
279.2699
279.24
279.1073
279.02
279.0101
278.75
278.619
278.939
279.35
279.35
279.5
279.35
279.2499
279.0
279.12
278.971
279.1
279.01
278.8601
278.81
279.04
279.21
279.531
279.52
279.49
279.41
279.45
279.645
279.55
279.71
279.8162
279.82
279.9601
279.98
279.92
280.07
280.126
279.968
279.97
280.0
280.075
280.03
279.84
280.0865
280.14
280.0499
280.0
280.18
280.05
279.945
279.8428
279.935
279.8
279.36
278.919
279.08
279.1901
278.93
279.102
279.0999
278.93
278.7799
278.83
278.64
278.54
278.63
278.75
278.6899
278.59
278.6706
278.68
278.5171
279.11
279.18
279.27
279.14
278.96
279.12
279.35
279.145
279.26
279.26
279.12
278.84
279.09
279.18
279.239
278.78
279.132
279.52
279.42
279.49
279.12
278.89
279.02
278.68
278.4
278.06
278.2
278.09
277.92
277.95
278.22
278.21
278.29
278.2
277.935
277.55
277.6
277.815
277.955
278.21
278.1501
277.96
278.39
278.5486
278.39
278.29
278.4962
278.2796
278.07
277.8431
277.874
278.06
278.4
278.06
278.41
278.15
278.2
278.07
278.19
278.3
278.265
278.405
278.6552
278.8135
278.81
278.6
278.6183
278.33
278.13
278.02
278.06
278.24
277.52
277.71
277.85
277.7
277.9
278.24
278.23
278.41
277.85
277.69
277.795
277.77
277.66
277.66
277.51
277.28
277.38
