2364.855
2362.012
2362.295
2363.2396
2361.3717
2368.875
2370.01
2368.675
2372.01
2377.85
2384.695
2377.81
2378.4194
2382.4161
2377.01
2377.9
2372.7246
2370.0
2365.0
2370.56
2376.9
2381.0
2385.41
2382.04
2387.495
2388.486
2387.0691
2387.49
2387.17
2387.67
2386.66
2393.34
2386.6962
2388.9125
2378.7084
2382.98
2383.9299
2373.984
2375.0
2378.57
2382.0
2385.4498
2383.5301
2381.1021
2380.35
2379.13
2379.8
2381.0
2381.3464
2382.0
2384.71
2385.99
2385.67
2386.45
2388.0
2390.11
2387.501
2385.31
2384.715
2382.81
2383.61
2383.0127
2381.0
2379.93
2382.64
2381.4
2382.8
2381.5
2382.37
2381.1
2383.13
2385.4224
2384.0
2383.5
2380.88
2379.19
2376.68
2373.42
2373.83
2374.12
2376.0
2373.82
2368.4201
2368.77
2368.812
2367.06
2364.58
2365.28
2362.7
2363.288
2365.2599
2365.06
2351.39
2358.52
2360.115
2363.7315
2363.34
2363.483
2362.407
2365.349
2364.0001
2364.87
2364.9473
2364.375
2364.5968
2366.14
2366.2144
2366.895
2367.1632
2364.05
2364.19
2365.841
2366.2
2368.95
2367.41
2368.99
2369.5797
2367.04
2363.99
2362.235
2359.415
2364.6
2363.88
2363.4
2364.0
2362.2237
2360.15
2360.605
2361.0
2362.5
2362.235
2362.63
2363.6501
2361.61
2360.71
2358.01
2357.74
2357.0
2355.48
2355.67
2356.68
2360.32
2358.71
2360.87
2363.17
2361.0
2361.95
2360.0051
2359.5
2361.0
2361.49
2361.55
2364.39
2364.36
2363.554
2362.3525
2363.6663
2363.24
2362.5442
2363.1
2363.174
2364.2994
2364.3008
2367.0
2364.94
2365.0
2367.2244
2366.594
2366.76
2368.2963
2368.3
2365.7194
2367.01
2367.34
2366.28
2367.342
2363.0
2363.7502
2365.29
2362.95
2364.26
2364.17
2363.775
2362.5
2363.9
2362.81
2362.81
2363.69
2367.03
2367.885
2366.9615
2369.22
2370.0
2371.5
2369.95
2369.51
2371.5523
2370.45
2371.27
2371.4436
2369.49
2369.51
2369.03
2367.3398
2366.4033
2367.08
2367.67
2366.39
2368.67
2368.593
2369.45
2369.005
2368.03
2368.935
2367.1141
2367.05
2367.91
2369.3857
2369.18
2369.26
2369.3
2369.9
2370.5
2370.355
2369.546
2369.19
2369.205
2369.71
2368.6177
2369.4026
2370.226
2371.21
2370.0
2370.9802
2371.18
2371.73
2371.51
2374.588
2374.5033
2373.5907
2373.83
2370.525
2368.71
2369.8
2368.13
2368.26
2370.7
2371.495
2372.11
2371.4843
2373.13
2372.175
2372.8076
2374.0
2374.2899
2374.907
2375.0001
2374.92
2374.95
2376.0
2377.0184
2375.49
2375.435
2376.4
2375.94
2376.115
2375.08
2377.33
2377.46
2378.325
2376.5239
2377.38
2378.3595
2379.1532
2377.4968
2379.0
2380.16
2378.1615
2379.0
2379.29
2379.07
2377.85
2379.0
2378.94
2377.7821
2377.0908
2376.48
2376.92
2378.1585
2377.7072
2379.99
2379.71
2380.6
2381.4296
2380.8467
2381.0
2381.175
2380.11
2378.965
2377.5
2379.0
2378.46
2380.6554
2380.3328
2380.33
2378.92
2379.04
2379.51
2379.298
2380.34
2380.0
2380.5
2379.655
2379.61
2379.5057
2379.57
2378.77
2378.605
2378.65
2378.765
2379.22
2378.24
2376.63
2377.35
2377.0
2378.61
2380.2499
2379.34
2379.765
2380.5
2380.52
2379.04
2378.015
2378.655
2381.9413
2380.012
2378.73
2379.4732
2377.03
2378.98
2375.11
2375.455
2375.5177
2375.545
2377.19
2376.465
2374.21
2371.5
2372.05
2371.94
2373.425
2374.8972
2374.0001
2374.9079
2373.5
2372.945
2374.03
2375.02
2373.08
2374.64
2373.2001
2374.185
2374.5399
2374.32
2374.05
2374.31
2372.35
2370.91
2371.01
2371.85
2371.3456
2371.555
2371.79
2372.31
2372.3748
2370.0
2367.74
2365.6069
2366.03
2370.62
2374.0823
2373.43
2375.67
2376.93
2372.15
2370.0
2366.88
2369.01
2366.54
2361.1873
2363.0
