78.04
78.34
77.6794
77.82
77.5295
77.35
77.67
77.04
77.045
76.75
77.3
77.08
77.81
77.8133
78.73
78.58
78.385
78.5
78.66
78.79
79.49
79.5
79.78
79.02
79.33
79.29
79.38
79.53
79.77
79.99
80.35
80.2
80.05
80.2
80.42
80.01
79.87
79.82
79.285
79.27
79.545
80.19
80.18
80.696
80.66
80.59
80.61
80.5
80.59
80.52
80.8
80.765
80.86
80.4725
80.64
80.47
80.47
80.32
80.14
79.88
79.545
80.1
80.055
79.77
79.79
79.78
79.83
79.85
79.79
79.76
79.9
79.78
80.0
80.07
79.81
79.81
79.98
80.04
79.9
80.02
79.985
79.92
80.0
79.92
79.99
79.95
79.9
79.87
79.99
80.06
80.02
80.07
79.78
79.4
79.32
79.29
79.63
79.62
79.2
79.05
79.17
79.17
79.21
79.33
79.23
79.23
79.36
79.48
79.35
79.34
79.12
79.01
79.05
79.0
78.86
79.19
79.19
79.18
79.23
79.22
79.13
79.12
79.28
79.37
79.55
79.43
79.63
79.77
79.78
79.7
79.71
79.71
79.82
79.82
79.83
79.785
79.84
79.81
79.76
79.66
79.73
79.645
79.67
79.315
79.42
79.51
79.38
79.62
79.62
79.49
79.56
79.56
79.62
79.5
79.54
79.39
79.56
79.64
79.68
79.68
79.6
79.43
79.43
79.33
79.32
79.41
79.46
79.38
79.5
79.46
79.41
79.42
79.14
79.105
79.45
79.39
79.42
79.39
79.7
79.86
79.71
79.76
79.72
79.64
79.622
79.69
79.75
79.97
79.97
79.94
79.75
79.86
79.96
79.96
79.82
79.83
80.0
79.95
79.89
79.88
79.92
80.02
80.01
79.94
79.77
79.85
79.9
79.69
79.67
79.72
79.82
79.98
80.075
80.1
80.105
80.09
79.915
80.0
80.03
80.03
79.86
80.05
80.03
80.07
80.01
80.04
79.94
79.97
80.035
80.0
80.0
79.9
79.735
79.88
79.8
79.75
79.87
79.76
79.89
79.95
79.7425
79.63
79.74
79.855
79.85
79.74
79.62
79.59
79.64
79.71
79.55
79.505
79.565
79.56
79.73
79.5
79.46
79.2
79.17
79.2
79.125
79.05
78.96
79.13
79.305
79.49
79.49
79.6
79.75
79.83
80.0
80.13
80.185
80.05
80.18
80.07
80.06
79.98
79.87
79.98
79.65
79.73
80.02
80.2
