42.1566
42.13
42.0694
42.18
42.27
42.16
42.02
42.0
42.07
42.16
42.165
42.0695
42.1
42.08
42.11
42.16
42.03
42.08
42.08
42.22
42.15
42.1425
42.115
42.19
42.15
42.14
42.2
42.06
42.0
42.03
42.06
42.125
42.24
42.16
42.11
42.21
42.13
42.1
42.09
42.13
42.07
42.06
42.035
42.08
41.89
41.85
41.82
41.94
41.96
41.87
41.85
41.94
41.99
41.98
41.99
41.97
41.99
42.01
42.05
42.085
42.11
42.15
42.17
42.15
42.105
42.06
42.03
42.07
42.09
42.08
42.08
42.06
42.03
42.02
42.06
42.055
41.99
42.01
41.99
41.94
42.02
42.0
41.99
41.974
42.03
42.01
41.99
41.97
41.99
42.035
42.06
42.07
42.13
42.115
42.09
42.09
42.15
42.2
42.23
42.19
42.21
42.19
42.14
42.11
42.055
42.06
42.06
42.09
42.1
42.17
42.16
42.12
42.135
42.16
42.14
42.13
42.08
42.04
42.06
42.055
42.06
42.045
42.02
42.03
42.045
42.02
42.03
42.08
42.13
42.11
42.1
42.09
42.08
42.105
42.03
42.03
42.0
41.99
41.97
41.92
41.86
41.86
41.83
41.86
41.92
41.905
41.885
41.89
41.9
41.9275
41.89
41.9
41.9
41.92
41.92
41.95
41.99
41.92
41.97
41.99
41.96
41.96
41.93
41.905
41.865
41.895
41.83
41.83
41.832
41.8067
41.79
41.82
41.78
41.85
41.85
41.905
41.93
41.82
41.81
41.78
41.8
41.76
41.71
41.76
41.69
41.7
41.6933
41.66
41.7345
41.71
41.63
41.6
41.54
41.55
41.53
41.6
41.62
41.68
41.745
41.8
41.735
41.74
41.78
41.7589
41.83
41.92
41.88
41.88
41.81
41.85
41.89
41.88
41.84
41.795
41.74
41.825
41.74
41.61
41.65
41.6
41.62
41.69
41.65
41.67
41.64
41.6
41.6
41.63
41.59
41.615
41.655
41.63
41.6
41.6295
41.61
41.63
41.645
41.63
41.68
41.67
41.65
41.65
41.64
41.635
41.67
41.62
41.61
41.63
41.64
41.71
41.74
41.68
41.71
41.67
41.63
41.67
