53.66
54.12
53.6679
53.96
53.985
53.995
54.06
54.11
54.26
54.14
54.37
54.135
54.5
54.485
54.44
54.44
54.3
54.26
54.36
54.32
54.39
54.32
54.11
54.205
54.42
54.22
54.33
54.5
54.485
54.43
54.47
54.45
54.58
54.63
54.46
54.45
54.56
54.78
55.12
55.07
55.44
55.015
55.12
55.04
55.175
55.065
55.02
55.14
54.5
54.52
54.52
54.21
54.54
54.47
54.84
54.85
54.79
54.78
54.49
54.71
54.82
54.66
55.065
55.2
55.025
55.075
55.255
54.96
54.54
54.39
54.47
54.49
54.43
54.21
54.57
54.52
54.73
54.39
54.4508
54.4788
54.355
54.37
54.42
54.765
54.67
54.93
54.94
55.0
54.8235
55.1
54.77
55.16
55.2
55.26
54.76
55.04
55.035
54.895
54.91
55.005
55.06
54.93
54.91
54.92
55.0
54.9
54.82
54.82
54.74
54.73
54.8
54.69
54.82
54.81
54.64
54.72
54.675
54.49
54.42
54.42
54.42
54.42
54.26
54.24
54.72
54.64
54.68
54.65
54.95
54.87
54.49
54.68
54.57
54.44
54.57
54.83
54.94
54.85
54.87
55.03
54.76
54.57
54.7
54.71
54.57
54.45
54.56
54.27
54.21
54.3
54.58
54.3077
54.43
54.18
54.195
54.21
54.21
54.06
53.93
53.95
53.9102
53.82
53.72
53.71
53.77
53.85
53.84
53.92
53.5
53.61
53.63
53.59
53.5
53.46
53.6
53.63
53.6
53.5
53.59
53.505
53.61
53.685
53.68
53.87
54.0
53.706
53.74
53.63
53.53
53.54
53.64
53.26
53.52
53.5815
53.61
53.51
53.87
53.67
54.23
53.9
54.25
54.28
54.28
54.37
54.4
54.36
54.64
54.11
53.88
54.27
54.05
54.37
54.33
54.34
54.33
54.5
54.14
54.3
54.81
55.84
55.175
55.49
54.98
55.1
54.73
54.53
54.5206
54.645
54.46
54.56
54.23
54.34
54.38
54.92
55.24
55.045
55.33
55.85
55.43
55.48
55.48
55.39
55.314
55.18
54.83
54.84
54.87
55.1936
55.38
55.29
55.0547
55.31
55.35
55.75
55.75
55.31
55.4318
55.4142
55.85
55.85
55.75
55.66
55.82
55.74
55.85
55.76
55.77
55.63
55.63
55.75
55.84
55.85
55.83
55.72
55.85
55.85
55.66
55.72
55.71
55.71
55.85
55.63
55.03
54.89
54.82
55.3
55.28
54.99
55.5
55.56
55.57
55.85
55.85
55.75
55.47
55.95
55.9
56.0
55.69
55.84
56.056
56.45
56.37
56.26
56.18
56.61
56.51
56.58
56.36
56.36
56.51
56.385
56.13
56.31
56.42
56.32
56.31
56.23
56.17
56.45
56.56
56.52
56.6632
56.76
56.63
56.54
56.54
56.45
56.33
56.28
56.34
56.34
56.29
56.43
56.33
56.09
56.06
56.25
56.17
56.12
56.33
56.47
56.3295
56.28
56.22
56.215
56.06
55.89
55.925
56.01
56.37
56.25
56.32
56.41
56.71
56.64
56.49
56.61
56.71
56.67
56.77
56.41
56.38
56.529
56.61
56.4587
56.44
56.6
56.64
56.7746
56.72
56.59
56.97
56.86
56.86
56.91
56.61
56.59
56.29
56.57
56.6
56.45
56.6
56.355
56.43
56.25
56.81
56.84
56.72
56.71
56.78
56.6677
56.58
56.58
56.44
56.415
56.51
56.455
56.38
56.49
56.27
56.55
56.34
56.39
56.47
56.31
56.43
56.305
56.29
56.39
56.62
56.7
56.77
56.73
56.63
56.42
56.31
56.48
56.51
56.33
56.47
57.17
57.04
58.05
57.93
58.15
57.65
58.6
57.84
56.91
58.43
59.22
59.24
59.15
58.51
58.76
58.47
58.47
58.2
57.77
57.645
58.1
57.965
59.23
59.28
58.54
57.97
58.34
58.572
58.01
57.895
57.85
57.85
58.11
59.01
59.26
59.17
59.29
58.94
58.67
58.46
58.57
58.9
58.56
59.01
59.04
58.64
58.85
58.08
58.345
58.17
58.1
58.49
58.12
58.51
58.355
58.38
58.43
58.26
58.135
58.375
58.76
58.3682
59.08
59.05
58.73
59.13
58.98
58.78
58.745
58.98
58.66
58.81
58.77
58.97
59.12
59.29
59.41
59.42
59.05
59.06
58.885
59.04
59.18
58.9225
58.82
59.12
59.19
59.09
58.96
58.92
59.29
59.125
59.11
59.22
59.24
59.23
59.2
59.02
59.095
59.26
59.38
59.33
59.28
59.3
59.19
59.41
59.1575
59.14
58.99
58.76
58.88
58.915
58.845
58.67
58.61
58.635
58.485
58.682
58.545
58.805
59.06
59.05
58.89
59.03
59.04
58.9
59.05
59.12
59.28
59.25
59.23
59.35
59.33
59.5
59.36
59.55
59.49
59.52
59.91
59.78
59.39
59.87
59.65
59.83
59.86
59.99
59.6
59.62
59.81
59.6915
59.58
59.39
59.43
59.52
59.66
59.94
59.615
59.87
60.0
59.99
60.03
60.49
60.16
60.24
60.23
60.06
60.22
59.92
60.16
59.9953
60.0612
60.08
60.36
60.33
60.35
60.39
60.38
60.08
59.86
60.05
60.03
59.96
59.99
60.28
60.21
60.045
60.38
60.26
59.67
59.7
59.565
59.74
59.43
59.61
59.58
59.59
59.54
59.7
59.54
59.7
59.575
59.5
59.45
59.57
59.4
59.37
59.5
59.495
59.51
59.35
59.29
59.4
59.33
59.585
59.46
59.3
59.37
59.4
59.38
59.11
59.19
59.065
59.345
59.59
59.485
59.475
59.39
59.243
59.345
59.4
59.49
59.4
59.385
59.3
59.21
59.35
59.4
59.41
59.57
59.61
59.58
59.595
59.62
59.59
59.63
59.64
59.43
59.64
59.65
59.68
59.65
59.45
59.79
59.7
59.67
59.72
59.51
59.65
59.53
59.57
59.56
59.3
59.36
59.43
59.42
59.43
59.38
59.3
59.15
59.29
59.28
59.15
59.17
59.04
59.12
59.08
58.94
59.07
58.93
59.06
58.94
58.86
59.03
59.16
59.16
58.7
61.125
61.76
60.965
60.13
59.69
59.995
58.73
59.495
59.38
59.47
59.16
58.28
58.675
58.445
58.536
58.68
59.22
58.76
58.47
58.91
58.86
58.86
58.4866
58.84
58.585
58.3183
58.9
58.675
59.105
58.834
58.68
58.64
58.73
58.89
59.06
58.89
59.07
58.96
58.81
58.85
58.75
58.835
58.7
58.815
58.925
58.575
58.73
58.79
58.63
58.72
58.4
58.15
58.26
58.31
58.31
58.17
58.1
58.19
58.175
58.1
58.01
58.205
58.205
58.0
58.07
58.15
58.115
58.1
57.8
57.8
57.842
57.97
57.935
57.97
58.14
58.03
57.9
58.13
58.1
58.075
58.045
58.14
58.28
58.275
58.245
58.3764
58.2665
58.2
58.225
58.26
58.36
58.25
58.545
58.25
58.38
58.38
58.39
58.31
58.24
58.16
58.385
58.37
58.24
58.22
58.03
58.075
58.03
58.01
57.89
57.98
57.875
57.93
57.96
58.0
57.935
58.04
58.03
57.94
57.86
57.84
57.94
58.03
57.905
57.885
57.92
57.86
57.91
57.8
57.87
57.8
57.74
57.745
57.84
57.95
57.955
57.92
57.97
58.11
58.35
58.45
58.53
58.32
58.48
58.37
58.26
58.405
58.45
58.355
58.24
58.23
58.305
58.255
58.26
58.41
58.33
58.365
58.23
58.15
58.26
58.02
57.92
57.9546
57.93
57.865
57.8
57.78
57.86
57.845
57.84
57.95
57.885
58.01
58.03
57.85
57.78
57.77
57.55
57.765
57.73
57.77
57.765
58.03
57.91
58.12
57.95
57.96
58.07
58.02
58.005
57.79
57.725
57.7774
57.875
57.81
57.78
57.77
57.85
57.82
57.88
57.87
57.82
57.86
57.83
58.03
57.95
57.99
58.025
57.965
58.0245
58.19
58.185
58.18
58.28
58.37
58.37
58.325
58.17
58.24
58.17
58.03
58.0
58.01
58.06
58.06
57.96
58.09
58.04
58.18
58.12
58.32
58.41
58.02
57.91
58.05
58.13
58.2
58.21
58.105
58.29
58.21
57.98
57.98
60.06
60.07
59.48
59.41
60.13
60.2
60.44
60.09
60.22
60.42
60.09
60.07
59.94
59.82
59.9
59.88
59.725
59.92
60.05
60.025
60.3
60.475
60.54
60.55
61.25
60.79
60.47
60.66
60.53
60.61
60.495
60.26
59.66
60.205
60.11
60.225
60.26
60.2098
59.85
59.88
59.85
59.98
59.98
60.345
60.29
60.495
60.07
60.39
60.48
60.436
59.98
60.025
59.99
60.0
59.795
59.96
60.19
60.24
60.269
60.31
60.3
60.39
60.19
60.255
60.28
60.28
60.28
60.285
60.375
60.385
60.32
60.2
59.96
60.2
60.185
60.34
60.22
60.23
60.34
60.315
60.27
60.35
60.31
60.34
60.34
60.34
60.36
60.14
60.36
60.39
60.39
60.19
60.34
60.42
60.6
60.65
60.65
60.425
60.42
60.3
60.54
60.47
60.45
60.33
60.33
60.49
60.55
60.63
60.54
60.53
60.73
60.54
60.636
60.65
60.86
60.95
60.88
60.96
60.925
61.03
61.02
60.8
60.81
61.04
60.84
60.567
60.78
60.78
60.7556
60.7125
60.65
60.74
60.595
60.81
60.82
60.69
60.85
60.99
60.86
60.76
60.6
60.75
60.68
60.68
60.755
60.83
60.885
60.86
60.9564
60.81
60.761
60.96
61.08
61.17
61.08
61.07
61.02
61.085
60.985
60.98
60.805
60.98
61.046
61.005
60.87
61.2
61.12
61.24
61.095
61.17
61.17
61.42
61.34
61.33
61.33
61.42
61.35
61.64
61.71
61.61
61.74
61.74
61.72
61.75
61.92
61.88
61.78
61.76
61.8486
61.775
61.94
61.79
61.78
61.61
61.75
61.73
61.73
61.68
61.88
61.805
61.59
61.79
61.89
61.675
61.7
61.47
61.58
61.55
61.54
61.62
61.62
59.53
59.21
59.25
59.07
59.185
59.165
58.97
59.14
59.125
58.985
59.36
59.35
59.625
59.395
59.19
59.3
59.46
59.19
59.02
59.1
59.365
59.38
59.58
59.5
59.59
59.52
59.21
59.36
59.53
59.36
59.255
59.32
59.38
59.6
59.385
59.515
59.59
59.73
59.605
59.885
59.71
59.85
59.825
59.825
59.86
59.78
59.825
59.74
59.655
59.76
59.995
59.945
59.98
59.925
59.985
59.98
59.91
59.85
59.94
60.01
60.02
60.12
59.96
60.44
60.19
60.08
60.385
60.11
59.975
60.05
59.965
59.74
59.88
59.82
59.63
59.785
59.63
59.58
59.53
59.31
59.14
59.28
59.14
59.18
59.14
59.28
59.245
59.27
59.575
59.27
59.41
59.49
59.7566
59.93
59.81
59.8
59.86
59.97
59.86
59.84
59.83
59.89
59.85
59.81
59.77
59.73
59.84
60.135
60.37
60.525
60.49
60.55
60.38
60.5
60.5
60.5
60.41
60.3
60.28
60.26
60.125
60.06
60.04
60.06
60.24
60.17
60.17
60.16
60.2538
60.18
60.23
60.23
60.25
60.32
60.32
60.74
60.49
60.515
60.53
60.48
60.53
60.52
60.54
60.48
60.63
60.5
60.5
60.5
60.54
60.45
60.5
60.49
60.5
60.52
60.56
60.85
60.775
60.68
60.685
60.86
60.855
60.615
60.4
60.555
60.49
60.58
60.645
60.795
60.725
60.72
60.58
60.575
60.48
60.62
60.51
60.575
60.57
60.5435
60.75
60.785
60.805
60.755
60.745
60.62
60.54
60.49
60.505
60.565
60.66
60.76
60.73
60.67
60.65
60.665
60.75
60.705
60.76
60.715
60.57
60.55
60.52
60.49
60.54
60.7
60.65
60.75
60.68
60.685
60.63
60.19
60.26
60.21
60.07
59.93
60.07
59.96
60.15
60.2
60.355
60.31
61.21
60.48
60.71
60.0
60.05
60.28
60.16
60.55
60.525
60.095
60.135
60.15
59.96
59.91
59.56
59.51
59.17
59.25
59.12
59.44
59.27
59.44
59.33
58.99
59.02
59.29
59.2356
59.44
59.4
59.4
59.65
59.5
59.5
59.32
59.53
59.53
59.49
59.495
59.5
59.54
59.59
59.6
59.285
59.43
59.16
59.03
59.0
58.92
59.19
59.17
59.37
58.945
58.82
58.78
59.05
58.89
58.84
58.88
58.9
58.73
59.025
58.58
58.57
58.42
58.81
58.68
58.81
58.96
58.765
58.73
58.81
58.93
59.165
59.3
59.2625
59.195
59.24
59.43
59.37
59.5
59.4
59.12
59.18
59.06
59.24
59.05
58.96
58.88
59.01
58.715
58.875
58.84
58.71
58.3
58.5
58.65
58.46
58.38
58.24
58.288
58.12
58.19
58.12
57.99
57.93
58.15
58.0
57.92
58.14
58.0
57.94
58.0
57.87
57.97
57.71
57.95
58.0
58.09
58.15
58.055
58.15
58.15
58.075
57.98
57.98
58.09
57.99
58.005
58.15
58.04
58.15
58.08
58.105
57.99
58.005
58.15
58.07
58.06
58.14
58.015
58.15
58.15
58.09
58.15
58.13
58.02
58.09
58.07
58.09
57.96
57.95
57.99
58.14
57.9
57.9
58.02
58.16
58.07
58.15
58.15
58.15
58.15
58.01
58.02
58.071
58.08
58.04
58.18
58.15
58.15
58.15
58.065
57.94
58.16
58.15
58.155
58.08
58.14
58.15
58.15
58.17
58.17
58.04
58.08
57.97
57.98
57.93
58.05
57.95
57.85
57.86
57.95
57.985
58.0
58.0
57.96
58.015
58.0
57.98
58.015
57.92
57.99
58.0
57.98
57.97
57.8004
57.86
57.91
58.0
57.99
57.91
57.88
57.96
57.96
58.0
57.99
58.0
58.0
57.99
58.0
57.96
57.955
57.885
57.98
57.95
58.0
58.0
57.975
57.925
57.9
57.88
57.9125
57.925
57.885
57.8899
57.83
57.9
57.85
57.86
57.945
57.91
57.83
57.94
57.83
57.775
57.83
57.88
59.73
60.615
60.0
59.83
59.85
60.26
60.795
60.04
59.86
59.98
60.04
60.04
59.795
59.755
59.75
59.5
59.19
58.78
59.315
59.1
58.42
58.71
59.1
59.3
59.53
59.5
59.29
59.44
59.455
59.75
59.58
59.7
59.75
59.825
59.75
59.57
59.47
59.605
59.605
59.83
59.91
59.68
59.765
59.54
59.7
59.7
59.66
59.7
59.7
59.7
59.7
59.7
59.62
59.67
59.565
59.59
59.67
59.54
59.48
59.47
59.51
59.55
59.66
59.51
59.7
59.7
59.58
59.74
59.69
59.7
59.695
59.67
59.7
59.905
59.74
59.78
59.75
59.65
59.7
59.59
59.7
59.7
59.69
59.65
59.67
59.7
59.68
59.7
59.64
59.705
59.65
59.7
59.8238
59.8
59.815
59.735
59.7
59.65
59.6
59.64
59.6
59.63
59.65
59.64
59.57
59.57
59.59
59.6
59.65
59.66
59.65
59.61
59.58
59.48
59.47
59.51
59.44
59.44
59.435
59.43
59.51
59.6
59.68
59.65
59.67
59.65
59.61
59.615
59.45
59.43
59.42
59.4
59.36
59.44
59.39
59.4
59.62
59.65
59.58
59.65
59.6
59.65
59.71
59.58
59.61
59.675
59.62
59.6
59.88
59.75
59.71
59.67
59.6
59.61
59.66
59.6
59.715
59.79
59.78
59.78
59.78
59.78
59.73
59.7
59.64
59.63
59.59
59.63
59.59
59.6
59.6
59.6
59.65
59.63
59.61
59.57
59.595
59.54
59.535
59.58
59.65
59.68
59.63
59.62
59.471
59.52
59.47
59.45
59.46
59.54
59.535
59.59
59.56
59.53
59.615
59.625
59.54
59.48
59.59
59.79
59.77
59.73
59.73
59.69
59.725
59.92
59.91
60.09
60.01
59.97
60.01
59.91
60.1
60.3079
60.12
60.06
60.06
60.1
59.89
59.89
59.315
58.44
58.46
59.51
58.84
58.445
58.7132
58.585
58.555
58.4
58.4
57.9
58.095
58.23
58.165
58.31
58.15
58.24
58.1304
58.07
58.07
57.64
57.5
57.645
57.635
57.79
57.7121
57.605
57.89
57.99
57.93
58.03
58.03
58.17
57.93
57.92
57.98
57.98
57.77
57.78
57.76
57.83
57.85
58.01
57.97
57.97
58.18
57.95
57.81
57.95
57.93
57.865
57.72
57.61
57.68
57.63
57.61
57.525
57.425
57.39
57.46
57.43
57.29
57.44
57.6
57.515
57.63
57.8
57.82
57.99
57.98
58.19
58.11
58.16
58.23
58.28
58.33
58.27
58.225
58.2
58.16
58.32
58.32
58.43
58.16
58.125
58.15
58.05
58.11
58.15
58.105
58.035
57.99
58.01
58.02
58.105
58.08
58.12
58.1725
58.22
58.18
58.125
58.1
58.19
58.26
58.36
58.465
58.51
58.77
58.89
58.84
59.01
59.01
59.08
59.12
59.145
59.15
59.13
59.08
59.02
58.99
58.98
58.975
58.97
59.0
59.01
58.93
58.94
58.81
58.78
58.82
58.74
58.76
58.7106
58.69
58.69
58.65
58.56
58.52
58.45
58.45
58.485
58.44
58.43
58.23
58.28
58.275
58.275
58.22
58.23
58.15
58.475
58.7
58.68
58.89
58.69
58.63
58.66
58.6063
58.57
58.54
58.6
58.58
58.55
58.58
58.43
58.39
58.382
58.375
58.445
58.46
58.415
58.325
58.31
58.2
58.39
58.27
58.25
58.14
58.11
58.06
58.06
58.18
58.38
58.38
58.37
58.37
58.38
58.4
58.44
58.33
58.55
58.38
58.47
58.445
58.4
58.42
58.4
58.29
58.28
58.19
58.12
58.11
58.055
58.02
58.02
58.1284
58.1039
58.11
58.13
58.08
58.04
57.97
57.92
57.96
57.97
58.03
58.14
58.15
58.15
58.19
58.1
58.22
58.24
58.235
58.2
58.175
58.22
58.29
58.32
58.32
58.31
58.47
58.53
58.56
58.53
58.69
58.61
58.53
58.59
58.59
58.625
58.6758
58.66
58.49
58.44
58.48
58.485
58.48
58.51
58.6
58.59
58.64
58.44
58.35
58.37
58.45
58.36
58.38
58.36
58.45
58.36
58.48
57.0
56.525
57.11
57.01
57.1167
57.37
57.22
57.05
58.21
57.92
57.94
57.59
57.66
57.555
58.17
57.9
57.67
57.2
57.49
57.5075
57.59
57.78
57.84
58.0225
57.89
57.73
57.62
57.64
57.66
57.62
57.57
57.59
57.425
57.44
57.455
57.28
57.52
57.275
57.4
57.4
57.36
57.47
57.57
57.6
57.605
57.55
57.575
57.78
57.82
57.7
57.63
57.77
57.85
57.88
57.87
57.81
58.04
57.925
58.09
57.955
58.01
58.01
57.935
57.92
57.88
57.99
57.86
57.96
57.905
57.94
57.84
57.77
57.78
57.87
58.01
57.95
57.84
57.97
58.01
58.045
58.02
58.04
58.02
57.89
57.895
58.0
57.91
58.0
57.98
57.93
58.02
58.0
57.88
57.85
57.55
57.72
57.92
57.86
57.88
57.75
57.95
58.025
58.0
57.99
58.06
57.96
57.96
57.97
57.775
57.83
57.93
57.94
58.14
58.02
57.8505
58.14
58.36
58.21
58.18
58.16
58.24
58.0353
58.07
58.15
58.1582
58.18
58.15
58.13
58.19
58.24
58.1
58.0
58.0
57.96
58.15
58.29
58.07
58.26
58.21
58.23
58.3
58.24
58.11
58.24
58.225
58.19
58.31
58.52
58.42
58.37
58.41
58.32
58.38
58.42
58.42
58.31
58.4
58.48
58.365
58.45
58.43
58.315
58.39
58.31
58.425
58.41
58.48
58.5
58.2
58.48
58.88
58.82
58.72
59.41
59.71
58.75
58.75
58.75
58.75
58.74
58.48
58.4089
58.6
58.15
58.23
58.12
58.19
58.52
58.52
58.53
58.4196
58.339
58.33
58.345
58.26
58.415
58.32
58.4
58.31
58.415
58.31
58.47
58.5
58.49
58.61
58.6
58.64
58.53
58.52
58.6683
58.655
58.75
58.37
58.54
58.48
58.05
57.94
58.1
58.11
58.02
57.94
57.9275
57.835
58.09
58.1
58.13
58.145
58.09
58.1
58.15
58.09
58.07
58.105
58.15
58.16
58.35
58.225
58.225
58.23
58.325
58.43
58.43
58.41
58.38
58.45
58.46
58.535
58.405
58.36
58.3
58.52
58.405
58.29
58.28
58.38
58.2995
58.45
58.395
58.27
58.305
58.415
58.375
58.37
58.27
58.25
58.25
58.25
58.235
58.18
58.16
58.18
58.24
58.17
58.155
58.09
58.02
57.97
58.01
58.01
58.25
58.115
58.115
58.12
58.12
58.06
58.05
58.09
58.0101
58.08
58.12
58.105
58.16
58.175
58.055
58.02
58.0
58.03
57.99
57.98
57.93
57.96
57.89
57.98
57.815
58.01
58.015
58.2
58.26
58.24
58.37
58.42
58.4
58.35
58.34
58.34
58.37
58.44
58.37
58.33
58.365
58.44
58.475
58.4623
58.525
58.525
58.41
58.34
58.29
58.215
58.22
58.145
58.145
58.165
58.16
58.16
58.175
58.175
58.115
58.06
58.175
58.18
58.19
58.095
58.22
58.205
58.09
58.17
58.46
58.435
58.43
58.435
58.45
58.255
58.3
58.255
58.21
58.05
58.15
57.845
57.645
57.78
58.245
57.9567
57.99
57.8
58.1675
58.01
58.18
57.895
57.88
58.12
58.59
58.54
58.85
58.21
58.18
58.32
58.36
58.72
58.445
58.62
58.43
58.56
58.5246
58.67
58.61
58.52
58.45
58.5
58.48
58.49
58.49
58.48
58.51
58.51
58.49
58.515
58.52
58.52
58.67
58.76
58.815
58.74
58.73
58.865
58.9
58.865
58.8
58.675
58.73
58.64
58.65
58.71
58.71
58.84
58.79
58.655
58.61
58.57
58.67
58.62
58.66
58.64
58.58
58.61
58.6
58.615
58.745
58.81
58.625
58.76
58.58
58.49
58.49
58.515
58.455
58.43
58.53
58.49
58.495
58.37
58.45
58.34
58.408
58.53
58.52
58.595
58.49
58.45
58.515
58.485
58.47
58.54
58.6
58.485
58.46
58.46
58.54
58.57
58.69
58.64
58.55
58.68
58.56
58.62
58.605
58.555
58.59
58.49
58.382
58.47
58.45
58.39
58.445
58.45
58.37
58.29
58.21
58.205
58.185
58.21
58.19
58.2
58.15
58.035
58.06
58.065
58.2
58.0
57.62
57.6
57.91
57.96
57.93
57.61
57.63
58.04
58.26
58.15
58.38
58.47
58.31
58.25
58.41
58.37
58.31
58.2
58.22
58.3075
58.36
58.41
58.36
58.225
58.23
58.28
58.1011
58.18
58.2
58.505
58.44
58.295
58.48
58.42
58.43
58.4
58.305
58.4
58.2438
58.16
58.0868
58.14
58.0
57.97
58.24
58.18
58.26
58.07
58.07
58.13
58.08
58.23
58.09
58.05
58.01
57.9234
58.1
57.94
58.01
57.96
57.76
57.76
57.92
57.92
57.87
57.965
58.06
58.09
58.21
57.94
58.11
58.14
58.1874
58.25
58.2
58.44
58.455
58.48
58.45
58.455
58.415
58.375
58.2
58.27
58.2
58.27
58.23
58.23
58.27
58.27
58.235
58.17
58.11
58.04
58.05
58.01
58.09
57.98
57.97
58.02
58.13
58.05
58.04
57.99
57.98
57.93
57.94
58.0
58.0
57.99
57.94
57.98
57.99
58.0
58.04
58.0
58.09
58.0
57.99
57.995
57.9875
57.94
57.94
57.975
57.95
57.89
57.78
57.77
57.77
57.82
57.9
57.9
58.38
58.83
58.11
58.11
58.54
58.0
58.34
58.37
58.17
58.55
58.17
58.2494
58.27
57.81
57.94
58.14
58.21
58.01
57.87
58.05
57.72
58.17
58.04
58.21
58.2
58.23
58.2
58.02
57.9971
58.2
58.1
58.2
58.54
58.22
58.23
58.25
58.35
58.18
58.38
58.2
58.14
58.2
58.2
58.2
58.2
58.16
58.2
57.94
58.225
58.17
58.3
58.225
58.2
58.205
58.18
58.1794
58.12
58.085
57.99
58.025
58.175
58.23
58.39
58.335
58.25
58.19
58.315
58.12
58.14
58.08
58.115
58.03
57.99
57.99
57.88
58.055
58.05
58.15
58.15
58.2849
58.225
58.37
58.44
58.2
58.32
58.19
58.275
58.16
58.19
58.17
58.25
58.21
58.16
58.14
57.975
58.06
58.035
58.055
58.0
58.12
58.17
58.13
58.135
58.075
58.065
58.05
58.07
58.075
58.05
58.05
58.02
58.075
58.19
58.1
58.09
58.095
58.0523
58.04
58.065
58.045
58.11
58.06
58.04
58.05
58.0138
58.06
58.0
58.05
58.04
57.995
58.05
58.02
58.03
58.095
57.99
57.99
58.04
57.96
57.99
57.99
58.0
57.99
57.99
58.0
57.99
57.99
57.99
57.99
58.0
58.03
58.02
57.99
57.97
57.96
57.92
57.91
57.99
57.99
58.0
58.01
58.0
58.0
57.96
57.975
57.94
57.955
57.92
57.9
57.8795
57.87
57.82
57.77
57.77
57.725
57.77
57.74
57.75
57.8
57.8
57.84
57.81
57.8
57.8362
57.8
57.77
57.8722
57.85
57.83
57.835
57.85
57.88
57.95
57.98
58.03
57.95
57.96
57.95
57.94
57.89
57.9
57.965
57.95
57.915
57.94
57.95
57.92
57.9
57.89
57.89
58.04
58.2
58.25
58.2
58.0
58.01
57.96
58.02
57.99
58.01
58.035
57.99
58.02
58.03
57.95
58.0
57.97
57.81
57.855
57.97
58.02
57.99
58.01
57.535
57.71
57.78
57.83
57.89
57.815
57.765
57.72
57.69
57.85
57.84
