36.015
35.445
35.58
35.92
35.8
35.8
35.32
35.32
35.86
35.72
35.68
35.71
35.86
35.99
36.21
35.9463
36.02
35.99
35.97
35.86
36.12
36.2
36.04
36.125
36.09
36.08
36.085
36.1475
36.13
36.09
36.14
36.31
36.39
36.435
36.48
36.14
36.33
36.4
36.64
36.59
36.59
36.55
36.505
36.47
36.6
36.64
36.6
36.49
36.44
36.4
36.0343
36.3
36.11
36.12
36.1
35.8676
36.0
35.96
36.01
36.02
35.95
35.98
35.96
35.94
35.9416
35.95
35.97
36.09
35.95
35.96
35.93
35.815
35.94
36.11
36.11
36.19
36.18
36.36
36.38
36.31
36.3
36.22
36.0091
35.95
36.085
36.05
36.05
35.95
35.94
35.94
35.95
35.95
35.97
35.97
36.0
35.95
35.995
36.1
36.1
36.15
36.016
36.01
35.95
35.99
35.945
35.94
35.98
36.05
35.97
35.97
35.95
35.97
35.98
35.97
35.95
36.03
36.03
36.025
35.98
36.025
36.08
36.0651
36.0
35.95
35.9952
35.99
36.0
36.03
36.0341
36.04
36.02
36.04
36.0
36.0
36.04
36.05
36.09
36.05
36.07
36.06
36.0
36.0
36.03
36.02
36.04
36.01
36.0
36.03
36.015
36.0
35.805
35.73
35.75
35.73
35.885
36.015
36.02
35.92
35.8
35.92
35.93
35.88
35.99
35.96
35.9
35.9
35.9098
35.89
35.91
35.9
35.925
35.93
35.99
36.08
36.21
36.19
36.18
36.3
36.39
36.33
36.22
36.275
36.285
36.145
36.06
36.2
36.13
36.23
36.21
36.18
36.035
36.015
36.05
36.22
36.18
36.25
36.12
36.03
36.0
36.1
36.11
36.1
36.01
35.89
35.75
35.71
35.715
35.53
35.37
35.395
35.31
35.16
35.37
35.3262
35.16
35.205
35.23
35.1985
35.3
35.22
35.19
35.21
35.41
35.31
35.23
35.32
35.18
35.21
35.18
35.11
35.01
35.12
35.05
35.04
35.0
34.88
35.02
35.01
34.93
34.87
34.81
34.86
34.84
35.01
35.07
35.14
35.09
34.99
35.07
35.16
35.07
35.165
35.185
35.11
35.14
34.98
34.96
34.96
35.03
34.97
35.09
35.26
35.2
35.29
35.275
35.29
35.34
35.37
35.44
35.42
35.28
35.34
35.26
35.31
35.21
35.24
35.31
35.24
35.31
35.25
35.34
35.39
35.28
35.32
35.23
35.22
35.2
35.15
35.16
35.16
35.17
35.11
35.12
35.05
35.05
35.05
35.015
34.99
35.0
35.01
34.96
34.965
34.88
34.88
35.9
35.9
35.62
35.5145
35.49
35.5
35.5
35.33
35.25
35.344
34.92
34.98
34.96
35.04
35.2
35.1
35.22
35.15
35.1
35.1
35.23
35.25
35.35
35.5
35.435
35.37
35.39
35.47
35.5
35.525
35.525
35.525
35.46
35.4
35.4
35.4
35.35
35.22
35.29
35.1975
35.16
35.195
35.249
35.35
35.31
35.4
35.2869
35.4
35.51
35.39
35.35
35.345
35.3362
35.245
35.25
35.26
35.16
35.0
35.01
35.09
35.03
35.04
35.0
35.04
35.14
35.15
35.09
35.14
35.2
35.15
35.17
35.125
35.0515
35.26
35.15
35.24
35.22
35.25
35.3
35.21
35.25
35.1895
35.215
35.21
35.19
35.13
35.08
35.15
35.195
35.21
35.195
35.24
35.2319
35.28
35.24
35.24
35.215
35.19
35.19
35.15
35.1
35.22
35.2
35.24
35.265
35.26
35.24
35.225
35.22
35.23
35.22
35.36
35.32
35.36
35.425
35.4
35.45
35.42
35.445
35.41
35.35
35.355
35.402
35.42
35.545
35.52
35.57
35.55
35.55
35.525
35.49
35.555
35.68
35.69
35.69
35.64
35.69
35.69
35.69
35.66
35.63
35.63
35.58
35.58
35.5943
35.63
35.54
35.475
35.49
35.59
35.5992
35.54
35.565
35.63
35.71
35.6507
35.66
35.72
35.545
35.53
35.54
35.53
35.535
35.53
35.52
35.47
35.495
35.54
35.56
35.54
35.5694
35.55
35.42
35.56
35.65
35.725
35.691
35.65
35.63
35.645
35.68
35.76
35.67
35.65
35.62
35.61
35.625
35.6
35.57
35.55
35.6
35.6
35.54
35.52
35.5
35.555
35.5
35.52
35.5
35.51
35.53
35.5
35.52
35.48
35.5
35.54
35.54
35.51
35.51
35.47
35.54
35.54
35.57
35.54
35.52
35.54
35.54
35.615
35.64
35.605
35.65
35.66
35.65
35.69
35.75
35.75
35.73
35.705
35.67
35.64
35.65
35.64
35.6633
35.66
35.6
35.571
35.58
35.53
35.55
35.53
35.6
35.55
35.51
35.53
35.54
35.52
35.51
35.47
35.47
35.48
35.545
35.55
35.55
35.49
35.49
35.55
35.56
35.64
35.66
35.54
35.59
35.61
35.59
35.5
35.53
35.56
35.56
35.59
35.57
35.55
35.58
35.6
35.605
35.51
35.48
35.5165
35.55
35.625
35.6
35.59
35.57
35.6
35.53
35.45
35.41
35.45
35.44
35.49
35.7
35.835
35.75
35.99
36.1288
36.19
36.32
36.3725
36.275
36.37
36.023
36.06
36.01
36.12
36.28
36.53
36.605
36.6
36.694
36.86
36.7925
36.75
36.63
36.6677
36.5
36.62
36.68
36.725
36.78
36.86
36.62
36.84
36.74
36.71
36.7
36.54
36.6
36.6
36.58
36.57
36.74
36.84
36.93
36.99
36.98
36.98
37.03
36.82
36.69
36.64
36.61
36.55
36.55
36.5484
36.55
36.52
36.51
36.515
36.515
36.571
36.51
36.48
36.56
36.51
36.545
36.65
36.85
36.99
36.925
37.0
37.13
37.13
37.07
36.97
36.85
36.895
36.8642
36.95
36.99
36.82
36.89
36.77
36.67
36.7
36.77
36.76
36.72
36.72
36.835
36.91
36.89
36.9398
37.0
37.0
37.215
37.21
37.21
37.29
37.23
37.26
37.46
37.39
37.38
37.33
37.355
37.38
37.435
37.27
37.35
37.39
37.43
37.3
37.35
37.37
37.27
37.21
37.285
37.305
37.31
37.29
37.29
37.38
37.2
37.24
36.82
36.915
37.085
37.06
36.82
36.86
36.73
36.77
36.84
36.89
36.88
36.75
36.86
36.98
37.09
37.05
37.035
37.13
37.225
37.3
37.21
37.2
37.12
37.14
37.05
37.0721
37.12
37.05
37.075
37.06
37.18
37.24
37.29
37.24
37.28
37.26
37.34
37.3
37.41
37.35
37.36
37.26
37.29
37.26
37.36
37.5
37.375
37.255
37.36
37.41
37.36
37.25
37.32
37.39
37.4231
37.42
37.35
37.4
37.45
37.38
37.41
37.41
37.375
37.33
37.3
37.39
37.45
37.33
37.28
37.37
37.45
37.43
37.44
37.485
37.49
37.54
37.58
37.54
37.585
37.57
37.5
37.62
37.56
37.6682
37.75
37.66
37.69
37.7
37.65
37.6691
37.75
37.78
37.62
37.73
37.74
37.748
37.76
37.93
37.81
37.78
37.87
37.86
37.87
37.99
37.935
37.91
37.88
37.875
37.9
38.0
38.0
38.05
37.96
38.01
38.03
38.04
37.97
37.96
37.91
37.99
38.03
37.95
38.01
38.04
38.01
37.96
37.95
38.0
37.98
38.02
37.99
37.995
37.95
37.95
37.95
38.01
37.98
38.12
38.09
38.16
38.14
38.13
38.14
38.11
38.16
38.12
38.27
38.3
38.29
38.25
38.17
38.1004
38.2
38.26
38.2
38.16
38.2
38.11
38.06
38.01
37.97
37.83
37.8
37.83
37.91
37.77
37.83
38.33
38.05
38.16
38.16
38.245
38.245
38.2
38.17
37.94
38.005
38.0
37.98
37.65
37.55
37.54
37.3
37.49
37.56
37.51
37.49
37.02
37.16
37.27
37.41
37.41
37.4249
37.32
37.17
36.92
37.0
37.08
36.88
36.77
36.78
37.0
36.99
36.895
37.0
36.975
37.06
37.03
37.075
37.06
37.0
36.995
36.86
36.815
37.03
37.02
37.11
37.08
36.955
36.97
36.95
36.945
36.77
36.68
36.79
36.855
36.785
36.69
36.57
36.555
36.66
36.58
36.5591
36.56
36.5
36.495
36.685
36.65
36.74
36.735
36.74
36.64
36.62
36.61
36.565
36.63
36.64
36.61
36.65
36.63
36.63
36.61
36.53
36.53
36.455
36.29
36.325
36.215
36.22
36.21
36.135
36.15
36.17
36.25
36.285
36.19
36.17
36.11
36.1
36.03
36.095
36.15
36.24
36.3
36.38
36.39
36.26
36.35
36.32
36.31
36.285
36.29
36.32
36.3
36.415
36.54
36.51
36.51
36.54
36.64
36.62
36.61
36.665
36.66
36.63
36.655
36.59
36.545
36.52
36.53
36.55
36.55
36.53
36.38
36.22
36.12
36.125
36.1
36.19
36.17
36.1702
36.16
36.17
36.17
36.28
36.4
36.445
36.31
36.285
36.23
36.2
36.23
36.201
36.225
36.2
36.3
36.305
36.28
36.235
36.235
36.26
36.26
36.28
36.24
36.2
36.29
36.305
36.29
36.34
36.31
36.3
36.27
36.26
36.24
36.21
36.21
36.37
36.44
36.45
36.435
36.41
36.435
36.43
36.425
36.405
36.405
36.405
36.4
36.405
36.35
36.4
36.4
36.35
36.4086
36.48
36.425
36.425
36.33
36.3367
36.33
36.26
36.305
36.31
36.31
36.35
36.27
36.245
36.28
36.21
36.25
36.28
36.29
36.4
36.48
36.49
36.49
36.49
36.42
36.47
36.45
36.42
36.46
36.555
36.53
36.47
36.485
36.445
36.425
36.45
36.41
36.39
36.55
36.56
36.55
36.52
36.5
36.52
36.54
36.69
36.65
36.695
36.735
36.695
36.695
36.7
36.73
36.66
36.73
36.775
36.79
36.76
36.79
36.76
36.81
36.84
36.83
36.87
36.9
36.91
36.83
36.85
36.795
36.78
36.72
36.8
36.85
36.83
36.73
36.78
36.73
36.735
36.74
36.75
36.66
36.65
36.585
36.59
36.5
36.43
36.36
36.22
36.28
36.275
36.32
36.3
36.3747
36.28
36.15
36.36
36.4
