50.24
49.84
49.72
49.53
49.57
49.54
49.5
49.075
49.27
49.12
49.13
49.11
48.94
49.21
49.15
49.03
48.94
48.775
48.7348
48.68
48.7872
48.83
48.84
48.56
48.6
48.49
48.45
48.61
48.54
48.44
48.4
48.34
48.255
48.18
48.12
47.9
47.805
47.96
47.9
47.9
47.75
47.84
47.94
47.835
47.8
47.89
47.66
47.95
47.83
47.81
47.69
47.66
47.55
47.53
47.64
47.6
47.56
47.3
47.35
47.355
47.43
47.48
47.48
47.36
47.215
47.2
47.11
47.16
47.25
47.195
47.115
47.01
47.03
47.02
47.1
47.0776
47.0
47.05
46.94
47.055
47.09
46.88
46.94
46.81
46.75
46.66
46.68
46.68
46.69
46.67
46.71
46.6
46.53
46.31
46.5277
46.41
46.47
46.46
46.46
46.42
46.44
46.49
46.46
46.42
46.49
46.45
46.44
46.45
46.4
46.5
46.505
46.69
46.71
46.85
46.785
46.93
46.85
46.79
46.795
46.76
46.85
46.745
46.7
46.675
46.73
46.755
46.94
46.87
47.01
46.95
47.07
46.99
47.07
46.97
46.99
46.965
47.04
47.015
46.975
46.99
46.99
46.935
46.935
46.9746
47.085
47.0
46.955
46.955
46.855
46.91
46.93
47.01
46.96
46.96
47.02
46.93
46.99
46.745
46.745
46.775
46.76
46.82
46.865
46.845
46.89
46.84
46.78
46.76
46.74
46.8
46.78
46.79
46.745
46.83
46.835
46.79
46.795
46.805
46.87
46.885
46.91
46.95
46.99
46.88
46.915
46.86
46.875
46.83
46.85
46.86
46.85
46.855
46.96
47.045
47.03
47.015
47.0207
46.98
47.02
47.07
47.06
47.03
46.96
47.0
46.975
46.97
47.0
47.02
46.955
46.955
47.0
46.995
46.99
46.9945
46.97
47.03
47.12
47.135
47.135
47.19
47.1882
47.25
47.235
47.26
47.14
47.1
47.04
47.1
47.055
47.18
47.17
47.18
47.29
47.41
47.36
47.295
47.23
47.36
47.31
47.22
47.25
47.19
47.17
47.08
47.21
47.2088
47.16
47.2035
47.1602
47.17
47.3136
47.38
47.36
47.33
47.2748
47.34
47.27
47.305
47.46
47.64
47.62
47.585
47.58
47.59
47.58
47.61
47.53
47.54
47.455
47.5
47.55
47.63
47.63
47.56
47.68
47.66
47.8
47.7101
47.84
47.94
48.02
47.94
48.07
48.0
48.065
47.95
47.99
48.05
48.12
48.105
48.03
48.02
47.935
47.99
48.03
48.09
48.08
48.15
48.25
48.29
48.245
48.27
48.17
48.22
48.18
48.23
48.1709
48.19
48.305
48.215
48.22
48.24
48.32
48.305
48.29
48.36
48.43
48.4
48.41
48.53
48.48
48.515
48.49
48.59
48.6
48.6
48.54
48.375
48.24
48.22
48.22
48.1883
48.32
48.23
48.23
48.21
48.19
48.29
48.3
48.32
48.31
48.3
48.34
48.34
48.3
48.29
48.22
48.085
47.85
47.71
47.76
47.645
47.66
47.58
47.58
47.58
47.605
47.67
