179.4
180.16
179.7
179.16
178.52
179.88
179.52
179.43
180.06
180.4018
181.06
181.195
181.19
181.5716
181.57
181.215
180.7752
179.75
179.42
179.1
179.325
179.72
180.0
179.86
179.96
179.5
179.325
179.6275
179.9899
179.88
180.055
179.77
179.005
179.5
178.94
179.3805
179.225
179.06
179.14
179.2199
179.53
179.705
179.66
179.285
179.26
179.22
179.19
179.355
179.43
179.6207
179.92
180.0
180.01
180.42
180.61
180.62
180.56
180.35
180.49
180.48
180.53
180.685
180.91
180.62
180.625
180.65
180.95
181.27
180.97
181.26
181.63
181.76
181.84
181.76
181.6805
181.725
181.65
181.86
181.835
181.95
181.875
181.32
181.46
181.73
181.7
181.81
181.82
182.115
182.01
182.1
182.175
182.3598
182.1399
182.01
182.16
182.08
182.32
182.275
181.96
181.94
181.915
182.2
182.18
182.02
182.09
181.91
181.87
181.93
182.14
182.18
182.015
182.04
182.145
182.06
182.26
182.45
182.52
182.06
181.8264
181.68
181.88
182.17
182.28
182.305
182.2
182.01
182.02
182.28
182.25
182.3
182.31
182.3901
182.48
182.43
182.385
182.41
182.26
182.28
182.23
182.29
182.19
182.1
182.0
181.97
182.12
182.04
181.99
181.9897
181.97
182.0
182.3
182.28
182.19
182.24
182.24
182.17
182.05
181.91
181.67
181.9
181.95
182.18
182.23
182.2
182.15
182.13
182.105
181.969
181.96
181.89
181.87
182.0
182.08
182.15
182.152
181.99
181.7311
181.79
181.86
181.48
181.58
181.75
181.97
181.93
181.86
181.93
182.065
182.1148
182.28
182.38
182.3605
182.455
182.535
182.505
182.51
182.76
182.76
182.71
182.915
183.13
182.92
182.84
182.78
182.63
182.51
182.74
182.99
182.83
183.08
183.31
183.2486
183.13
183.075
183.13
183.03
183.02
183.17
183.495
183.7401
183.45
183.26
183.515
183.43
183.51
183.37
183.6023
183.685
183.83
183.9801
184.175
184.63
184.3374
184.4194
184.3
184.2003
184.12
184.065
184.0871
184.03
184.09
184.08
184.05
184.07
184.04
183.9299
183.99
184.08
184.17
184.1484
183.8
183.86
183.955
184.0018
183.9997
184.0
183.86
183.93
183.97
183.99
183.98
183.985
183.83
184.1621
184.34
184.0729
183.8701
184.03
184.06
183.96
183.926
183.751
183.685
183.8
183.85
183.78
183.89
184.01
183.9287
183.9399
183.82
183.685
183.68
183.765
183.73
183.72
183.6
183.5473
183.3901
183.5
183.4
183.47
183.73
183.915
183.9456
183.93
183.86
183.93
184.08
184.08
183.84
183.94
183.89
183.96
184.06
184.1215
184.105
184.1
184.09
184.19
184.15
184.25
184.24
184.175
184.23
184.19
184.09
184.13
184.18
184.174
184.11
184.1401
184.145
184.04
183.885
183.81
183.9
184.04
184.11
184.03
184.04
183.8701
183.87
183.91
183.89
184.05
183.995
183.9
183.905
183.66
183.6899
183.82
183.79
183.73
183.9493
184.16
184.15
183.86
183.88
184.0699
184.03
184.24
184.45
184.57
184.64
184.62
184.52
184.59
184.5984
184.4
184.17
184.335
184.4
183.97
184.085
183.88
183.79
183.62
183.445
183.27
183.3888
183.2
183.15
183.34
183.62
183.705
183.69
183.58
183.34
183.546
183.4
183.92
183.55
183.62
183.54
183.41
182.96
182.6299
182.7
182.31
182.27
182.47
