6.3571
6.3699
6.4199
6.4158
6.38
6.3623
6.37
6.365
6.3624
6.36
6.3757
6.397
6.4
6.425
6.4177
6.45
6.455
6.4299
6.455
6.46
6.445
6.4272
6.435
6.44
6.4625
6.49
6.4913
6.465
6.475
6.49
6.46
6.44
6.4378
6.455
6.46
6.455
6.455
6.4751
6.4751
6.47
6.4697
6.48
6.475
6.48
6.48
6.4893
6.475
6.475
6.4601
6.46
6.475
6.48
6.475
6.49
6.4923
6.5
6.4971
6.495
6.51
6.54
6.5434
6.55
6.5378
6.5272
6.5352
6.5301
6.53
6.55
6.545
6.545
6.54
6.5499
6.54
6.535
6.54
6.548
6.5477
6.535
6.535
6.5118
6.515
6.52
6.5228
6.5248
6.52
6.525
6.5264
6.5128
6.515
6.51
6.51
6.505
6.485
6.515
6.4901
6.5
6.49
6.49
6.4972
6.495
6.495
6.485
6.485
6.48
6.469
6.4599
6.4672
6.462
6.47
6.49
6.51
6.5077
6.5126
6.52
6.515
6.525
6.515
6.5
6.5
6.485
6.5
6.5178
6.5005
6.51
6.5
6.4872
6.49
6.485
6.465
6.4799
6.465
6.475
6.475
6.4632
6.4628
6.47
6.48
6.4873
6.49
6.4859
6.485
6.5
6.505
6.495
6.495
6.51
6.505
6.515
6.52
6.52
6.515
6.5153
6.51
6.51
6.5
6.505
6.51
6.515
6.5
6.515
6.5295
6.5299
6.5257
6.525
6.521
6.52
6.52
6.515
6.51
6.515
6.515
6.515
6.5095
6.5
6.505
6.5146
6.53
6.515
6.5152
6.51
6.51
6.505
6.5
6.485
6.48
6.48
6.48
6.48
6.46
6.48
6.49
6.48
6.465
6.465
6.465
6.47
6.4685
6.471
6.47
6.47
6.495
6.5
6.52
6.51
6.505
6.51
6.5052
6.5
6.5028
6.5
6.52
6.5174
6.51
6.5178
6.525
6.525
6.523
6.5277
6.5272
6.525
6.5261
6.5373
6.525
6.525
6.5111
6.515
6.49
6.495
6.5
6.51
6.5228
6.5399
6.535
6.54
6.53
6.5228
6.5243
6.52
6.515
6.525
6.525
6.525
6.53
6.54
6.53
6.53
6.55
6.5665
6.555
6.57
6.555
6.54
6.545
6.5391
6.535
6.52
6.515
6.5134
6.51
6.5042
6.51
6.515
6.52
6.52
6.525
6.515
6.5108
6.5172
6.515
6.51
6.51
6.515
6.51
6.5129
6.515
6.5199
6.539
6.5421
6.5372
6.53
6.54
6.545
6.545
6.54
6.5414
6.5385
6.5303
6.5228
6.52
6.525
6.53
6.52
6.54
6.565
6.56
6.5658
6.57
6.555
6.55
6.55
6.5514
6.55
6.54
6.545
6.5443
6.5328
6.5354
6.535
6.53
6.54
6.5201
6.52
6.52
6.515
6.5234
6.515
6.5272
6.53
6.54
6.535
6.5352
6.539
6.55
6.55
6.535
6.53
6.53
6.5278
6.53
6.52
6.55
6.5472
6.555
6.57
6.577
6.58
6.54
6.5528
6.55
6.545
6.5585
6.54
6.53
6.555
6.565
6.565
6.58
6.575
6.565
6.56
6.565
6.565
6.565
6.565
6.56
6.565
6.565
6.5716
6.565
6.565
6.565
6.5415
6.525
6.545
6.54
6.57
6.5695
6.54
6.54
6.54
6.55
6.54
6.54
6.545
6.54
6.535
6.53
6.515
6.51
6.515
6.505
6.4722
6.46
6.48
6.48
6.465
6.465
6.495
6.5
6.48
6.49
6.48
6.47
6.47
6.47
6.47
6.4698
6.4698
6.46
6.4798
6.48
6.4798
6.47
6.47
6.5117
6.4799
6.48
6.4798
6.48
6.4798
6.48
6.48
6.48
6.48
6.5
6.49
6.5
6.5
6.49
6.4998
6.5
6.4998
6.4998
6.4998
6.5
6.49
6.5
6.5
6.49
6.49
6.49
6.4998
6.48
6.49
6.4898
6.4998
6.48
6.4898
6.49
6.5
6.5
6.4998
6.4998
6.5
6.5098
6.5
6.5
6.5
6.51
6.51
6.51
6.5098
6.51
6.51
6.5099
6.5
6.51
6.51
6.51
6.51
6.51
6.51
6.52
6.51
6.51
6.5199
6.5199
6.52
6.52
6.52
6.52
6.52
6.52
6.52
6.51
6.52
6.52
6.53
6.52
6.53
6.54
6.54
6.55
6.55
6.55
6.55
6.55
6.55
6.56
6.56
6.55
6.54
6.54
6.54
6.54
6.5399
6.54
6.53
6.54
6.55
6.55
6.55
6.55
6.55
6.55
6.55
6.54
6.53
6.55
6.53
6.53
6.53
6.53
6.54
6.54
6.55
6.55
6.54
6.54
6.55
6.55
6.55
6.55
6.54
6.55
6.55
6.54
6.5499
6.55
6.53
6.55
6.55
6.55
6.55
6.53
6.54
6.54
6.55
6.54
6.54
6.55
6.55
6.55
6.55
6.55
6.54
6.54
6.54
6.5499
6.55
6.55
6.55
6.56
6.5599
6.55
6.56
6.55
6.56
6.57
