1242.31
1244.0
1245.8427
1247.574
1245.0
1250.81
1248.33
1248.78
1251.26
1252.17
1255.16
1252.905
1253.5618
1252.91
1253.06
1254.23
1252.17
1250.0
1249.46
1249.84
1251.03
1250.0
1251.6738
1250.63
1252.7788
1253.9986
1252.83
1252.74
1255.26
1257.25
1258.805
1258.255
1255.226
1257.0
1254.94
1254.99
1254.69
1253.0
1253.61
1254.25
1256.55
1256.83
1256.38
1254.875
1254.1
1255.22
1255.99
1256.51
1255.76
1256.63
1258.08
1258.0
1257.88
1258.94
1260.02
1261.25
1261.49
1259.67
1261.215
1261.4
1262.0
1263.0
1262.93
1265.0
1264.0
1264.89
1264.75
1264.92
1265.62
1265.8138
1266.91
1269.0
1269.14
1267.77
1267.5662
1267.49
1265.62
1266.395
1266.6
1266.75
1266.78
1266.32
1265.415
1265.92
1265.9
1266.1
1265.035
1265.52
1265.3768
1265.38
1265.51
1266.575
1264.0
1263.61
1264.74
1265.7
1266.12
1265.86
1264.38
1265.33
1264.485
1265.055
1265.71
1264.62
1265.4694
1266.36
1266.6952
1266.81
1266.29
1265.65
1264.79
1264.9068
1265.74
1266.3
1264.91
1265.35
1265.99
1263.3401
1262.78
1262.23
1262.16
1263.35
1263.73
1264.25
1264.18
1263.3
1263.0531
1264.0375
1263.99
1264.1125
1264.3125
1263.78
1264.35
1263.56
1262.59
1262.57
1262.08
1262.1786
1261.14
1261.01
1261.33
1261.4907
1260.04
1260.27
1260.55
1259.0
1259.1162
1258.39
1258.14
1259.0
1259.18
1258.9967
1259.1799
1258.99
1258.91
1258.0
1258.0
1257.51
1257.01
1257.4202
1257.9805
1258.58
1258.1767
1258.64
1258.455
1258.626
1258.6075
1258.35
1258.72
1258.6607
1257.71
1258.0611
1258.7675
1259.18
1259.41
1259.71
1258.05
1258.79
1259.295
1258.8
1258.995
1259.0
1259.325
1259.75
1260.32
1259.855
1259.94
1260.47
1261.49
1262.6335
1263.76
1263.385
1263.485
1263.16
1263.5644
1263.64
1263.5917
1263.605
1264.11
1263.74
1263.37
1263.35
1262.86
1263.02
1263.09
1263.71
1263.68
1263.92
1264.45
1264.67
1263.975
1263.69
1263.39
1262.77
1262.8722
1263.79
1264.26
1264.325
1263.565
1264.15
1264.9
1265.34
1265.525
1265.67
1266.9999
1267.8134
1269.23
1268.96
1270.0
1271.15
1270.76
1271.15
1271.3
1270.835
1271.03
1271.25
1272.06
1272.42
1272.958
1272.7644
1272.35
1272.26
1272.62
1272.6944
1272.99
1273.74
1273.73
1273.39
1273.87
1273.425
1273.99
1275.0
1275.09
1275.53
1274.87
1275.106
1274.8
1275.37
1276.48
1276.14
1275.04
1275.98
1276.84
1275.52
1276.0199
1275.49
1276.035
1275.67
1276.05
1274.71
1275.4
1275.28
1275.52
1275.6582
1275.84
1276.2
1275.85
1275.0401
1276.99
1276.11
1275.79
1275.55
1275.7
1274.83
1275.0575
1275.275
1275.51
1275.64
1275.46
1276.64
1277.7999
1278.27
1278.685
1278.685
1280.2236
1280.9
1279.925
1279.165
1278.46
1279.0
1279.16
1279.54
1279.64
1279.76
1279.37
1279.7164
1279.2
1280.88
1282.33
1283.0
1282.89
1282.37
1282.67
1283.35
1283.445
1283.045
1283.453
1284.43
1284.355
1284.39
1284.35
1283.7
1282.2885
1281.985
1282.03
1283.25
1283.42
1283.36
1283.93
1283.27
1283.61
1284.43
1284.62
1285.25
1284.4287
1282.76
1280.162
1278.28
1277.78
1277.085
1276.17
1276.25
1276.65
1276.2555
1276.3628
1275.64
1276.04
1275.9322
1275.74
1277.035
1279.22
1279.62
1279.23
1278.6801
1278.79
1279.62
1279.9588
1278.884
1278.13
1278.89
1278.0
1276.39
1275.9772
1275.17
1275.8099
1274.46
1273.87
1273.0632
1272.93
1272.8
1271.31
1272.2
1274.23
1273.28
1272.46
1271.34
1270.175
1269.5
1271.39
1273.56
1273.48
1272.12
1271.24
1269.22
1265.12
1263.14
1262.75
1260.74
1262.56
1261.33
