177.9
177.47
176.075
176.57
176.56
176.23
176.2
176.4753
176.16
176.4201
176.38
176.46
176.07
176.06
176.01
175.92
175.46
175.305
175.59
175.3
175.58
175.8999
175.34
175.135
175.24
175.53
175.2
175.445
175.63
175.7
175.5
175.2867
175.12
175.1
175.09
175.185
175.04
174.925
175.0
174.71
175.19
175.295
174.96
174.77
174.79
174.94
175.02
174.8983
174.91
175.05
175.16
175.205
175.02
175.0
175.15
175.25
175.11
175.14
175.0027
174.86
174.9052
175.17
175.24
175.3
175.44
175.44
175.63
175.785
175.92
176.15
176.01
176.3
176.44
176.47
176.25
176.24
176.32
176.33
176.19
176.04
175.9967
175.67
175.37
175.487
175.8
175.99
175.925
175.8
175.44
175.52
175.78
175.88
175.38
175.49
175.62
175.68
175.62
175.53
175.29
175.32
175.16
175.17
175.03
174.96
174.83
175.37
175.62
175.5
175.55
175.42
175.39
175.55
175.52
175.53
175.53
175.67
175.69
175.59
175.51
175.66
175.6
175.95
175.8999
176.1
176.0154
175.87
175.89
175.92
175.8
175.64
175.66
175.7725
176.13
175.99
176.0999
175.92
175.819
175.97
175.87
175.81
175.79
175.81
175.66
175.74
175.89
175.65
175.92
175.73
175.66
175.72
175.92
175.78
175.88
175.87
176.06
175.98
175.9099
175.83
175.77
175.6
175.7
175.64
175.59
175.58
175.66
175.69
175.54
175.58
175.69
175.73
175.63
175.72
175.82
175.78
175.87
175.835
175.7777
175.85
175.94
175.6305
175.77
175.65
175.705
175.74
175.7
175.62
175.62
175.6
175.65
175.77
175.77
175.815
175.72
175.62
175.66
175.57
175.48
175.351
175.3957
175.36
175.18
174.99
174.88
174.85
174.83
174.68
174.64
174.67
174.805
174.64
174.67
174.68
174.615
174.6
174.63
174.51
174.64
174.71
174.901
174.77
174.73
174.7
174.75
174.88
174.81
174.78
174.85
174.78
174.77
174.9425
175.1
175.06
175.04
175.0789
175.125
175.15
175.35
175.34
175.365
175.37
175.39
175.4
175.363
175.2521
175.25
175.29
175.1702
175.29
175.19
175.015
174.97
174.8638
174.85
174.93
175.08
175.15
175.26
175.3198
175.35
175.23
175.28
175.23
175.33
175.32
175.33
175.21
175.26
175.28
175.23
175.25
175.14
175.2
175.25
175.2301
175.17
175.25
175.16
175.06
174.89
175.04
174.9599
174.9501
175.0499
174.9696
175.02
174.895
174.97
174.92
174.9699
174.87
175.051
175.15
175.13
175.25
175.29
175.15
175.17
175.085
175.03
175.05
175.18
175.22
175.3579
175.44
175.581
175.54
175.48
175.6
175.415
175.48
175.7
175.62
175.625
175.65
175.62
175.62
175.7
175.72
175.94
175.93
176.03
176.055
175.985
175.9
175.77
175.81
175.905
175.9401
175.7817
175.85
175.87
175.97
176.05
176.185
176.33
176.31
176.17
176.27
176.23
176.2801
176.46
176.34
176.42
176.39
176.2299
176.25
176.22
176.2732
176.3601
176.46
176.48
176.605
176.5517
176.63
176.54
176.5
176.5399
176.55
176.5
176.6032
176.76
176.795
176.96
176.81
176.82
177.06
177.1804
177.07
177.23
177.19
177.13
177.1
177.12
177.22
177.18
177.025
176.78
176.815
176.88
177.081
177.16
176.82
176.8799
176.84
176.68
176.39
176.37
176.3
176.0347
175.84
176.4
