26.42
26.36
26.35
26.45
26.5007
26.49
26.55
26.61
26.67
26.61
26.6
26.33
26.42
26.41
26.33
26.3808
26.26
26.24
26.305
26.2764
26.28
26.155
26.18
26.18
26.22
26.15
26.22
26.2
26.17
26.01
26.12
26.0701
26.09
26.055
26.06
26.1
26.03
26.105
26.065
26.0216
26.08
26.1
26.09
26.105
26.15
26.08
26.1033
26.1144
26.1
26.085
26.1802
26.21
26.245
26.18
26.25
26.3
26.3
26.25
26.2046
26.26
26.27
26.25
26.23
26.21
26.17
26.205
26.25
26.29
26.25
26.22
26.23
26.08
26.13
26.04
25.9585
26.0
26.1
26.0112
26.05
26.01
26.005
25.9122
26.0218
25.9262
25.89
25.9337
25.93
25.96
25.96
25.96
25.95
25.96
26.06
26.0712
26.1
26.02
26.06
26.05
26.09
26.02
26.06
26.08
26.14
26.18
26.15
26.155
26.21
26.13
26.13
26.1172
26.1172
26.1
26.14
26.23
26.2
26.2
26.1787
26.145
26.12
26.08
26.03
26.08
26.0401
26.1
26.05
26.0749
26.09
26.07
26.055
26.06
25.9827
26.0493
25.97
25.9314
26.0
26.09
26.0794
25.9898
26.01
26.03
26.1
26.11
26.07
26.1
26.085
26.09
26.07
26.093
26.09
26.05
26.0609
26.06
26.08
26.07
26.07
26.07
26.1
26.0999
26.06
26.12
26.1426
26.11
26.09
26.12
26.16
26.17
26.1534
26.2
26.23
26.22
26.21
26.16
26.21
26.17
26.2
26.28
26.2958
26.3
26.27
26.245
26.21
26.2016
26.2392
26.25
26.26
26.2651
26.285
26.26
26.2359
26.26
26.27
26.279
26.26
26.26
26.25
26.28
26.3
26.27
26.23
26.24
26.24
26.25
26.26
26.3
26.3
26.3
26.28
26.3
26.29
26.27
26.29
26.27
26.27
26.28
26.285
26.28
26.27
26.235
26.2518
26.2835
26.3
26.3
26.3
26.31
26.28
26.3
26.31
26.3
26.31
26.34
26.39
26.4
26.4
26.3994
26.39
26.42
26.38
26.41
26.4303
26.46
26.53
26.52
26.52
26.495
26.53
26.56
26.55
26.56
26.565
26.58
26.6
26.6
26.63
26.6
26.595
26.59
26.61
26.6
26.62
26.62
26.6563
26.66
26.65
26.66
26.6302
26.61
26.54
26.5
26.48
26.5
26.46
26.46
26.43
26.41
26.44
