25.02
25.0652
25.2
25.14
25.35
25.55
25.34
25.315
25.305
25.2
25.195
25.16
25.2
25.45
25.35
25.3
25.275
25.155
25.11
25.205
25.25
25.31
25.305
25.41
25.25
25.28
25.345
25.32
25.335
25.36
25.36
25.41
25.48
25.37
25.3118
25.38
25.37
25.39
25.325
25.38
25.45
25.3
25.26
25.165
25.18
25.2
25.16
25.24
25.3039
25.3
25.28
25.255
25.23
25.21
25.18
25.2
25.18
25.15
25.21
25.135
25.105
25.07
25.04
25.02
24.9918
25.01
24.945
24.99
24.93
24.85
24.86
24.9
24.99
25.01
25.055
25.005
24.99
25.03
25.035
25.04
25.05
25.07
25.04
25.0
24.99
24.95
24.9
24.865
24.9
24.865
24.96
24.935
24.88
24.84
24.8
24.81
24.75
24.75
24.8
24.81
24.72
24.685
24.73
24.7552
24.77
24.9
24.9074
24.87
24.92
24.93
25.0
25.05
25.045
25.17
25.12
25.06
25.075
24.99
24.995
24.945
24.975
24.895
24.84
24.77
24.76
24.755
24.76
24.72
24.73
24.73
24.76
24.76
24.77
24.82
24.755
24.665
24.585
24.525
24.54
24.5
24.47
24.43
24.38
24.37
24.43
24.38
24.38
24.34
24.31
24.43
24.49
24.59
24.56
24.6
24.63
24.62
24.59
24.59
24.62
24.575
24.515
24.57
24.525
24.52
24.5825
24.58
24.55
24.57
24.59
24.575
24.58
24.53
24.45
24.44
24.38
24.39
24.4
24.41
24.43
24.435
24.42
24.36
24.3433
24.34
24.37
24.38
24.36
24.33
24.29
24.3375
24.285
24.23
24.2602
24.262
24.325
24.3
24.3
24.3
24.31
24.29
24.25
24.21
24.27
24.26
24.33
24.405
24.47
24.47
24.45
24.46
24.41
24.39
24.34
24.2603
24.26
24.32
24.29
24.29
24.27
24.31
24.2975
24.28
24.26
24.23
24.18
24.15
24.15
24.13
24.11
24.145
24.16
24.206
24.24
24.3
24.39
24.38
24.39
24.47
24.4
24.45
24.52
24.56
24.53
24.44
24.4
24.38
24.4275
24.5
24.43
24.46
24.47
24.48
24.53
24.485
24.485
24.53
24.56
24.598
24.69
24.69
24.6425
24.65
24.7
24.7
24.65
24.6339
24.69
24.635
24.6
24.62
24.68
24.65
24.6096
24.66
24.63
24.64
24.63
24.63
24.69
24.7
24.73
24.74
24.78
24.78
24.87
24.825
24.78
24.795
24.84
24.74
24.715
24.78
24.775
24.79
24.8
24.77
24.73
24.78
24.78
24.8381
24.83
24.81
24.8092
24.83
24.85
24.85
24.94
24.92
24.88
24.85
24.82
24.85
24.83
24.8
24.83
24.78
24.775
24.81
24.87
24.925
24.98
24.99
24.94
24.89
24.94
24.97
24.91
24.94
24.97
24.97
24.8819
24.9
24.965
24.95
24.98
24.92
24.9
24.925
24.95
24.94
24.93
24.9306
24.975
25.02
25.0
24.94
24.93
24.92
24.95
24.91
24.945
24.93
24.89
24.93
24.96
25.01
25.02
25.01
25.07
25.13
25.1248
25.1
25.13
25.14
25.14
25.11
25.08
25.09
25.08
25.115
25.095
25.12
25.14
25.165
25.13
25.195
25.24
25.18
25.16
25.125
25.13
25.2
25.22
25.205
25.145
25.16
25.11
25.03
25.08
25.07
25.07
25.07
25.07
25.2
24.06
23.765
23.77
23.84
23.57
23.425
23.67
23.72
23.59
23.91
23.82
23.665
23.7
23.72
23.73
23.71
23.735
23.61
23.58
23.5821
23.58
23.63
23.62
23.51
23.38
23.29
23.29
23.37
23.45
23.41
23.44
23.44
23.51
23.465
23.5
23.56
23.54
23.62
23.58
23.56
23.62
23.7
23.72
23.69
23.75
23.69
23.69
23.705
23.57
23.47
23.45
23.52
23.6
23.58
23.555
23.49
23.44
23.4
23.41
23.44
23.47
23.43
23.355
23.3
23.25
23.27
23.21
23.24
23.28
23.18
23.125
23.11
23.18
23.21
23.36
23.33
23.375
23.37
23.4
23.41
23.44
23.45
23.4
23.45
23.435
23.43
23.33
23.42
23.42
23.39
23.35
23.35
23.3452
23.255
23.27
23.31
23.28
23.24
23.0475
23.09
23.08
23.05
23.01
23.0
22.9
22.94
22.99
22.98
22.98
23.01
23.12
23.1
23.02
23.065
23.12
23.06
23.19
23.2
23.14
23.15
23.15
23.18
23.19
23.22
23.25
23.215
23.19
23.13
23.18
23.18
23.145
23.2
23.01
23.03
23.03
23.07
23.13
23.13
23.16
23.09
23.13
23.19
23.18
23.21
23.23
23.34
23.36
23.38
23.39
23.405
23.45
23.53
23.53
23.56
23.525
23.53
23.42
23.47
23.47
23.505
23.515
23.525
23.52
23.505
23.53
23.52
23.51
23.53
23.54
23.61
23.6
23.7
23.68
23.7
23.69
23.69
23.74
23.7152
23.75
23.79
23.86
23.86
23.9
23.94
23.98
23.98
23.99
23.9
23.945
23.95
23.91
23.9
23.89
23.88
23.94
23.93
23.91
23.83
23.8
23.8348
23.83
23.89
23.87
23.86
23.82
23.82
23.84
23.75
23.77
23.78
23.8
23.79
23.81
23.77
23.81
23.825
23.87
23.905
23.94
24.02
23.99
24.01
24.02
24.03
24.04
24.02
24.05
24.06
24.08
24.12
24.14
24.05
24.02
23.975
23.91
23.96
23.96
23.885
23.81
23.77
23.76
23.76
23.78
23.77
23.77
23.725
23.75
23.81
23.78
23.715
23.72
23.74
23.67
23.64
23.61
23.59
23.55
23.57
23.6
23.63
23.64
23.63
23.63
23.68
23.73
23.665
23.7
23.657
23.64
23.68
23.7
23.74
23.73
23.775
23.81
23.79
23.81
23.815
23.79
23.75
23.72
23.69
23.69
23.71
23.72
23.75
23.72
23.67
23.69
23.66
23.61
23.58
23.59
23.63
23.59
23.6
23.55
23.65
23.6
23.65
23.6865
23.71
23.69
23.73
23.785
23.82
23.87
23.87
23.88
23.88
23.86
23.86
23.86
23.84
23.87
23.83
23.81
23.86
23.81
23.8
23.79
23.68
23.66
23.63
23.65
23.6
23.62
23.65
23.72
23.73
23.82
23.79
23.81
23.82
23.79
23.76
23.79
23.74
23.78
23.83
23.79
23.775
23.75
23.82
23.81
23.87
23.86
24.13
24.235
24.18
24.17
24.11
24.21
24.06
23.965
23.995
23.96
23.9
23.88
23.81
23.86
23.86
23.86
23.86
23.84
23.88
23.85
23.81
23.87
23.89
23.88
23.86
23.855
23.82
23.89
23.84
23.88
23.91
23.91
23.94
23.94
23.97
23.85
23.79
23.78
23.74
23.765
23.77
23.73
23.76
23.79
23.8
24.04
23.83
23.9
23.76
23.52
23.42
23.275
23.27
23.29
23.32
23.47
23.55
23.46
23.4
23.4065
23.5
23.49
23.3826
23.44
23.49
23.6
23.53
23.51
23.46
23.42
23.48
23.41
23.34
23.26
23.13
23.25
23.23
23.17
23.19
23.14
23.17
23.14
23.13
23.11
23.09
23.08
23.071
22.985
22.85
22.86
22.93
22.84
22.84
22.85
22.7
22.75
22.72
22.7
22.83
22.83
22.78
22.83
22.92
22.93
22.935
23.01
22.98
22.99
22.98
23.07
23.06
23.1
23.03
23.0501
22.98
22.99
23.075
23.1
23.09
23.02
22.93
22.92
22.88
22.82
22.81
22.83
22.84
22.81
22.83
22.8
22.87
22.89
23.01
23.05
23.0593
23.11
23.175
23.19
23.26
23.32
23.275
23.305
23.25
23.27
23.255
23.18
23.255
23.245
23.25
23.1801
23.13
23.1
23.12
23.05
23.07
23.05
23.0172
23.0
22.98
22.97
22.99
23.0
22.94
22.91
22.85
22.85
22.83
22.82
22.86
22.82
22.8
22.855
22.88
22.85
22.88
22.87
22.9
22.91
22.9
22.875
22.9
22.86
22.87
22.83
22.86
22.83
22.87
22.9
23.005
23.07
23.03
23.0
23.03
23.02
22.99
23.06
23.07
23.0
23.0
23.09
23.1
23.055
23.035
22.98
22.97
23.0
22.95
22.95
22.9799
23.0
22.98
22.95
22.95
22.96
23.02
23.05
23.07
23.19
23.16
23.17
23.23
23.205
23.3
23.275
23.275
23.29
23.24
23.21
23.2
23.23
23.24
23.2
23.29
23.43
23.5
23.535
23.585
23.46
23.5
23.43
23.3997
23.39
23.435
23.405
23.43
23.42
23.415
23.4
23.34
23.28
23.19
23.2
23.17
23.15
23.095
23.09
23.15
23.12
23.135
23.16
23.205
23.19
23.13
23.13
23.16
23.2
23.22
23.23
23.22
23.25
23.23
23.22
23.23
23.24
23.255
23.22
23.215
23.2182
23.23
23.23
23.24
23.235
23.27
23.33
23.37
23.39
23.36
23.38
23.38
23.37
23.35
23.38
23.34
23.3162
23.3
23.3
23.3
23.31
23.32
23.33
23.32
23.27
23.23
23.24
23.19
23.2
23.11
23.12
23.08
23.135
23.15
23.16
23.14
23.16
23.19
23.15
23.19
23.205
23.2
23.22
23.21
23.21
23.22
23.28
23.345
23.345
23.28
23.28
23.29
23.3
23.34
23.29
23.28
23.3
23.3
23.32
23.31
23.29
23.32
23.4
23.44
23.45
23.485
23.49
23.48
23.48
23.47
23.45
23.49
23.49
23.44
23.37
23.45
23.41
23.37
23.37
23.355
23.3
23.3
23.31
23.32
23.32
23.28
23.3
23.29
23.27
23.25
23.3
23.3
23.29
23.34
23.34
23.33
23.315
23.28
23.21
23.21
23.2645
23.29
23.26
23.26
23.295
23.3
23.3
23.23
23.24
23.23
23.26
23.25
23.26
23.3006
23.28
23.255
23.22
23.19
23.18
23.15
23.18
23.215
23.29
23.285
23.32
23.31
23.305
23.36
23.3793
23.325
23.36
23.35
23.315
23.32
23.305
23.32
23.31
23.295
23.295
23.29
23.3
23.3
23.29
23.285
23.27
23.26
23.27
23.26
23.22
23.15
23.15
23.18
23.15
23.125
23.09
23.065
22.99
23.09
23.07
23.07
25.0
25.0
25.0
24.3
23.4
23.4
23.36
23.36
23.9
23.8482
23.75
23.96
24.32
24.27
24.15
24.19
24.34
24.31
24.195
24.3
24.35
24.26
24.47
24.59
24.6
24.68
24.77
24.64
24.7
24.6
24.7
24.69
24.97
24.8935
25.13
25.25
25.3
25.3
25.1
25.25
25.27
25.3
25.32
25.31
25.195
25.27
25.23
25.22
25.26
25.2
25.0
24.93
24.855
24.875
24.84
24.8395
24.84
24.76
24.73
24.748
24.82
25.06
25.09
25.1
25.1101
25.19
25.04
25.0
24.96
24.91
24.86
24.87
24.94
24.95
24.98
24.97
24.95
25.03
25.09
25.09
25.1201
25.15
25.19
25.19
25.235
25.215
25.22
25.35
25.35
25.3153
25.2733
25.38
25.37
25.43
25.39
25.43
25.39
25.45
25.48
25.48
25.475
25.42
25.395
25.44
25.49
25.48
25.54
25.5
25.55
25.544
25.55
25.62
25.72
25.73
25.72
25.725
25.76
25.72
25.695
25.71
25.72
25.69
25.7
25.64
25.58
25.64
25.61
25.61
25.61
25.615
25.64
25.72
25.76
25.77
25.82
25.89
25.94
25.925
25.9169
25.93
25.955
26.03
26.09
25.98
25.9887
25.92
25.84
25.8
25.85
25.86
25.86
25.8
25.87
25.86
25.91
25.98
26.0226
25.99
25.955
26.04
26.08
26.06
26.11
26.11
26.1
26.14
26.12
26.12
26.1418
26.13
26.18
26.18
26.095
26.11
26.15
26.15
26.22
26.22
26.1465
26.13
26.1
26.1
26.08
26.05
26.0
26.02
25.99
25.955
26.0
26.1
26.0735
26.02
26.02
26.065
26.1
26.13
26.12
26.18
26.23
26.215
26.19
26.25
26.28
26.27
26.34
26.29
26.37
26.36
26.27
26.31
26.38
26.355
26.29
26.26
26.35
26.355
26.338
26.31
26.32
26.45
26.37
26.34
26.36
26.32
26.32
26.325
26.35
26.37
26.36
26.41
26.4169
26.465
26.545
26.6318
26.66
26.625
26.6
26.58
26.59
26.5038
26.45
26.49
26.51
26.54
26.49
26.55
26.555
26.5
26.52
26.53
26.53
26.49
26.51
26.53
26.57
26.58
26.63
26.58
26.52
26.52
26.48
26.48
26.42
26.4
26.4
26.386
26.27
26.305
26.35
26.33
26.295
26.37
26.39
26.46
26.4
26.403
26.39
26.39
26.39
26.38
26.365
26.37
26.4
26.4
26.36
26.41
26.41
26.41
26.36
26.29
26.255
26.28
26.27
26.27
26.27
26.27
26.32
26.35
26.38
26.44
26.39
26.335
26.35
26.35
26.34
26.3425
26.35
26.295
26.29
26.34
26.38
26.425
26.4
26.41
26.39
26.433
26.46
26.43
26.48
26.51
26.4922
26.46
26.41
26.42
26.43
26.44
26.4
26.3774
26.36
26.4
26.38
26.3055
26.29
26.35
26.35
26.39
26.385
26.38
26.42
26.4003
26.42
26.42
26.425
26.49
26.483
26.49
26.54
26.5
26.5345
26.53
26.52
26.51
26.5
26.5
26.54
26.53
26.53
26.46
26.51
26.49
26.4551
26.47
26.55
26.54
26.5
26.53
26.54
26.625
26.59
26.6201
26.65
26.59
26.61
26.63
26.66
26.69
26.77
26.78
26.77
26.76
26.73
26.8
26.82
26.88
26.9
26.97
26.97
27.08
27.08
27.16
27.13
27.17
27.12
27.03
26.98
27.02
27.02
27.02
27.02
27.02
27.02
27.02
26.07
26.0
26.0
26.0
26.0
26.0
26.0
25.5
25.5001
25.5
26.0
25.5
25.42
25.7782
25.5
25.6
25.635
25.71
25.5
25.7
25.9263
25.89
25.86
26.0025
26.0554
26.03
26.0
26.015
25.92
25.91
26.06
26.105
26.2
26.49
26.45
26.52
26.4001
26.45
26.655
26.49
26.64
26.63
26.57
26.605
26.565
26.58
26.61
26.71
26.82
26.655
26.82
26.67
26.7
26.56
26.52
26.62
26.55
26.44
26.555
26.59
26.54
26.6
26.54
26.46
26.43
26.46
26.49
26.49
26.39
26.34
26.39
26.39
26.495
26.62
26.5501
26.55
26.495
26.58
26.62
26.54
26.54
26.51
26.47
26.54
26.55
26.61
26.7
26.83
26.81
26.94
26.99
27.1
27.2
27.11
27.105
27.25
27.19
27.29
27.35
27.3
27.3
27.34
27.42
27.46
27.49
27.4
27.33
27.27
27.27
27.16
27.0848
27.06
27.08
26.97
26.87
26.835
26.84
26.895
26.91
27.0
26.97
26.975
26.95
26.96
27.01
27.032
27.1
27.17
27.23
27.225
27.17
27.19
27.13
27.175
27.245
27.21
27.246
27.37
27.33
27.2635
27.3
27.44
27.39
27.45
27.46
27.465
27.5315
27.48
27.53
27.52
27.505
27.56
27.54
27.515
27.53
27.56
27.485
27.57
27.61
27.565
27.52
27.51
27.45
27.4446
27.52
27.52
27.5
27.55
27.61
27.57
27.56
27.53
27.46
27.45
27.445
27.4
27.33
27.27
27.32
27.3398
27.36
27.4
27.41
27.45
27.35
27.32
27.26
27.32
27.355
27.25
27.23
27.215
27.17
27.29
27.39
27.32
27.29
27.24
27.22
27.17
27.18
27.22
27.16
27.1766
27.08
27.063
27.13
27.2
27.18
27.21
27.175
27.21
27.17
27.17
27.1147
27.05
27.045
27.07
27.03
27.07
27.07
27.04
27.02
26.93
26.88
26.9
26.98
26.905
26.99
26.95
26.91
27.0
27.0
26.99
27.0
27.01
26.94
26.94
26.91
26.9
26.975
26.9669
26.97
27.04
26.99
26.94
26.91
26.87
26.94
26.97
26.9899
26.9957
26.9
26.87
26.87
26.9
26.9
26.89
26.87
26.85
26.885
27.01
27.09
27.07
27.09
27.09
27.1
27.07
27.03
27.069
27.04
26.97
26.995
26.97
26.935
26.91
26.99
27.04
27.05
27.06
27.1
27.02
26.94
27.05
27.06
27.03
27.02
26.9901
26.95
26.955
26.9
26.91
26.86
26.75
26.7
26.66
26.6352
26.66
26.73
26.72
26.585
26.57
26.61
26.575
26.55
26.51
26.48
26.43
26.45
26.45
26.4
26.29
26.44
26.55
26.56
26.54
26.51
26.5
26.53
26.585
26.53
26.58
26.545
26.52
26.525
26.45
26.46
26.415
26.62
26.6
26.505
26.45
26.33
26.39
26.48
26.44
26.35
26.28
26.28
26.29
26.29
26.21
26.32
26.5
26.5
26.37
26.345
26.26
26.21
26.24
26.27
26.28
26.235
26.185
26.17
26.224
26.17
26.11
26.18
26.2
26.18
26.14
26.13
26.19
26.21
26.22
26.24
26.26
26.28
26.26
26.24
26.26
26.23
26.22
26.33
26.3
26.37
26.42
26.53
26.56
26.54
26.3874
26.46
26.47
26.38
26.39
26.43
26.45
26.41
26.46
26.445
26.46
26.38
26.36
26.36
26.3
26.305
26.37
26.37
26.31
26.3
26.22
26.22
26.22
25.31
25.3401
25.3699
25.31
25.6
25.63
25.37
25.63
25.7
25.6462
25.685
25.97
25.97
26.0
26.19
26.24
26.24
26.2
26.12
26.25
26.24
26.14
26.25
26.28
26.235
26.28
26.35
26.56
26.55
26.33
26.38
26.33
26.3589
26.38
26.325
26.25
26.19
26.15
26.11
26.15
26.23
26.11
26.1165
26.25
26.33
26.37
26.385
26.36
26.56
26.545
26.6
26.76
26.75
26.72
26.88
26.8784
26.9283
26.94
27.01
27.15
27.15
27.165
27.175
27.2
27.2
27.13
27.01
26.92
26.845
26.92
26.975
26.96
26.95
26.9
26.92
26.905
26.925
26.945
27.0
27.07
27.09
27.15
27.33
27.48
27.49
27.46
27.48
27.408
27.445
27.48
27.54
27.31
27.18
27.11
27.14
27.06
26.97
26.89
26.88
26.79
26.724
26.73
26.69
26.77
26.79
26.76
26.705
26.82
26.74
26.73
26.86
26.88
26.83
26.81
26.8
26.75
26.77
26.78
26.705
26.71
26.68
26.79
26.93
26.83
26.8
26.66
26.59
26.68
26.64
26.64
26.7
26.57
26.68
26.62
26.54
26.52
26.52
26.49
26.4844
26.44
26.47
26.46
26.42
26.46
26.45
26.48
26.65
26.63
26.61
26.56
26.6
26.62
26.56
26.585
26.63
26.65
26.63
26.6
26.595
26.73
26.695
26.69
26.685
26.63
26.63
26.55
26.5968
26.6
26.59
26.56
26.56
26.57
26.66
26.62
26.64
26.65
26.555
26.54
26.56
26.59
26.54
26.5
26.48
26.4
26.4
26.46
26.49
26.47
26.52
26.56
26.6
26.57
26.6
26.58
26.67
26.6699
26.64
26.66
26.7
26.845
26.8
26.81
26.75
26.79
26.73
26.72
26.77
26.77
26.76
26.89
26.825
26.78
26.73
26.735
26.77
26.74
26.73
26.69
26.7
26.64
26.59
26.57
26.6
26.555
26.62
26.51
26.53
26.62
26.58
26.68
26.73
26.72
26.74
26.75
26.715
26.71
26.73
26.71
26.76
26.77
26.7425
26.745
26.78
26.79
26.78
26.8
26.82
26.81
26.79
26.75
26.58
26.53
26.49
26.47
26.44
26.35
26.39
26.345
26.23
26.19
26.21
26.18
26.17
26.185
26.19
26.2
26.15
26.22
26.11
26.12
26.15
26.18
26.25
26.27
26.29
26.29
26.22
26.23
26.19
26.16
26.16
26.14
26.1
26.17
26.15
26.17
26.23
26.22
26.26
26.33
26.37
26.35
26.4227
26.385
26.36
26.39
26.33
26.27
26.23
26.235
26.23
26.29
26.27
26.3126
26.34
26.33
26.4
26.42
26.38
26.35
26.34
26.26
26.3
26.32
26.37
26.37
26.42
26.42
26.47
26.47
26.495
26.54
26.62
26.57
26.56
26.56
26.575
26.62
26.63
26.63
26.65
26.745
26.75
26.575
26.665
26.63
26.64
26.67
26.685
26.69
26.76
26.74
26.715
26.77
26.79
26.82
26.85
26.9
26.895
26.89
26.93
26.88
26.92
26.87
26.88
26.79
26.81
26.8
26.79
26.68
26.77
26.8
26.85
26.89
26.79
26.83
26.81
26.78
26.84
26.82
26.79
26.8
26.79
26.75
26.73
26.765
26.73
26.77
26.7
26.66
26.6616
26.615
26.66
26.64
26.57
26.61
26.58
26.59
26.58
26.58
26.56
