119.94
119.67
119.325
118.9
118.79
118.75
118.4416
118.36
118.45
118.73
118.64
118.65
118.61
118.7444
118.78
118.7756
118.779
118.72
118.74
118.55
118.52
118.55
118.475
118.55
118.58
118.516
118.66
118.61
118.7
118.79
118.88
118.69
118.86
118.95
119.37
119.4414
119.39
119.4
119.41
119.2
119.34
119.3185
118.9115
118.79
118.5999
118.54
118.6991
118.5
118.4105
118.5101
118.665
118.61
118.54
118.63
118.64
118.58
118.28
118.28
118.52
118.36
118.435
118.595
118.48
118.49
118.4598
118.5684
118.49
118.69
118.73
118.54
118.59
118.59
118.59
118.52
118.29
118.32
118.13
118.0715
118.09
118.06
118.05
117.92
117.72
117.71
117.645
117.625
117.59
117.67
117.66
117.6996
117.74
117.77
117.6699
117.67
117.8999
117.8618
118.03
117.9699
118.06
118.08
118.19
118.17
118.11
118.02
117.98
117.96
117.96
117.98
118.07
117.9
117.95
118.05
118.09
118.12
118.19
118.22
118.17
118.13
118.16
118.11
118.08
118.27
118.2372
118.26
118.17
118.07
118.2099
118.25
118.38
118.34
118.41
118.55
118.76
118.595
118.5579
118.6
118.6131
118.615
118.76
118.77
118.78
118.7799
118.78
118.78
118.78
118.56
118.445
118.39
118.43
118.46
118.55
118.53
118.51
118.49
118.52
118.465
118.48
118.415
118.295
118.33
118.48
118.54
118.445
118.38
118.4
118.465
118.51
118.5
118.46
118.43
118.43
118.355
118.52
118.43
118.455
118.42
118.35
118.51
118.58
118.5699
118.725
118.68
118.65
118.66
118.66
118.61
118.6
118.59
118.59
118.55
118.675
118.7645
118.76
118.6905
118.7
118.8
118.73
118.74
118.8102
118.81
118.83
118.73
118.81
118.84
118.72
118.735
118.75
118.82
118.84
118.96
119.0
118.99
118.98
119.04
119.01
119.02
119.02
119.03
119.05
119.0225
119.037
119.07
119.12
119.18
119.1575
119.245
119.22
119.26
119.25
119.4
119.37
119.375
119.3104
119.4199
119.43
119.46
119.46
119.51
119.5199
119.62
119.61
119.5
119.555
119.5103
119.515
119.4525
119.4724
119.52
119.59
119.5
119.51
119.52
119.57
119.555
119.6
119.6853
119.67
119.63
119.68
119.73
119.7253
119.68
119.75
119.7
119.69
119.64
119.64
119.69
119.62
119.72
119.69
119.66
119.63
119.65
119.64
119.68
119.67
119.49
119.39
119.46
119.3853
119.42
119.42
119.35
119.32
119.2
119.2999
119.3
119.25
119.24
119.3
119.45
119.58
119.48
119.4675
119.46
119.48
119.39
119.3001
119.26
119.3798
119.41
119.47
119.445
119.52
119.59
119.5201
119.47
119.37
119.455
119.53
119.56
119.475
119.54
119.58
119.5001
119.56
119.68
119.8
119.85
119.88
119.91
119.81
119.737
119.64
119.61
119.62
119.6
119.54
119.58
119.59
119.53
119.49
119.58
119.75
119.61
119.55
119.61
119.57
119.64
119.69
119.67
119.67
119.67
119.6
119.5
119.52
119.57
119.57
119.5897
119.61
119.62
119.51
119.51
119.44
119.402
119.4391
119.4301
119.3144
119.38
119.51
119.44
119.33
119.31
119.31
119.36
119.35
119.31
119.34
119.38
119.39
119.36
119.43
119.56
119.555
119.47
119.39
119.355
119.42
119.605
119.83
119.75
119.74
119.74
119.73
119.52
119.48
119.43
119.38
119.26
118.995
