58.45
58.345
58.38
58.41
58.41
58.22
58.21
58.17
58.13
58.05
58.085
58.05
58.115
58.0901
58.04
58.16
58.4
58.28
58.1709
58.11
57.93
57.82
57.95
57.9451
57.93
58.07
58.15
58.025
57.96
57.92
57.7175
57.67
57.78
57.85
57.94
57.9699
57.98
58.04
58.0
57.88
57.93
57.8
57.8343
57.9
57.855
57.81
57.765
57.765
57.75
57.71
57.79
57.79
57.72
57.71
57.8958
57.94
57.84
57.82
57.81
57.849
57.8
57.8
57.78
57.68
57.675
57.645
57.57
57.545
57.535
57.405
57.35
57.325
57.245
57.176
57.235
57.2035
57.165
57.08
57.1
56.88
56.88
56.875
56.79
56.74
56.7959
56.71
56.745
56.575
56.51
56.42
56.355
56.41
56.43
56.57
56.47
56.61
56.54
56.66
56.57
56.47
56.425
56.3
56.32
56.2269
56.155
56.08
56.075
56.04
56.045
56.085
56.295
56.225
56.3
56.27
56.14
56.09
55.955
55.98
56.005
56.035
56.17
56.265
56.26
56.395
56.325
56.055
56.0996
56.06
56.2
56.19
56.14
56.16
56.19
56.095
56.155
56.18
56.28
56.2622
56.32
56.38
56.38
56.4
56.437
56.44
56.49
56.505
56.5113
56.5193
56.515
56.495
56.33
56.285
56.32
56.33
56.29
56.31
56.31
56.325
56.265
56.32
56.4
56.405
56.3672
56.35
56.26
56.285
56.21
56.225
56.32
56.305
56.325
56.24
56.25
56.32
56.23
56.32
56.46
56.415
56.405
56.385
56.405
56.41
56.3299
56.3
56.25
56.27
56.27
56.215
56.21
56.24
56.305
56.275
56.22
56.28
56.285
56.315
56.29
56.32
56.31
56.33
56.36
56.5
56.4964
56.48
56.565
56.55
56.5792
56.5567
56.56
56.58
56.6
56.605
56.62
56.6
56.6131
56.655
56.69
56.67
56.68
56.72
56.67
56.695
56.67
56.69
56.63
56.685
56.615
56.6801
56.705
56.69
56.835
56.885
56.89
56.87
56.79
56.86
56.8199
56.78
56.8099
56.845
56.85
56.785
56.81
56.915
56.875
56.875
56.99
57.0543
57.015
57.05
56.98
56.9897
57.035
57.02
57.05
57.01
56.965
57.04
57.01
56.95
56.96
56.98
56.97
57.135
57.1629
57.14
57.2
57.125
57.08
57.19
57.07
57.06
57.115
57.18
57.215
57.2
57.3499
57.345
57.265
57.27
57.325
57.315
57.36
57.325
57.335
57.28
57.23
57.155
57.11
57.12
57.13
57.02
57.16
57.36
57.31
57.37
57.4
57.31
57.24
57.2084
57.165
57.15
57.12
57.08
57.0687
57.0345
57.0499
56.94
56.91
56.8999
56.805
56.74
56.77
56.695
56.75
56.62
56.65
56.55
56.595
56.585
56.545
56.563
56.59
56.63
56.63
56.61
56.64
56.5995
56.615
56.6
56.5998
56.52
56.53
56.55
56.565
56.48
56.275
56.34
56.3
56.295
56.285
56.32
56.245
56.33
56.59
56.58
56.665
56.63
56.65
56.69
56.75
56.695
56.73
56.73
56.6762
56.72
56.64
56.7499
56.69
56.75
56.78
56.75
56.6101
56.71
56.67
56.9
56.94
56.96
56.91
56.91
56.84
56.81
56.775
56.67
56.68
56.5868
56.53
56.52
56.52
56.45
56.555
56.535
56.445
56.355
56.36
56.44
56.63
56.52
56.515
56.3338
56.45
56.55
56.61
56.8
56.89
56.85
56.62
56.5
56.36
56.6483
56.9
56.7
56.36
56.36
56.65
56.85
56.89
56.89
56.89
56.36
56.7
56.71
56.7
56.7
56.81
56.74
56.75
56.7
56.65
56.85
56.85
56.85
56.85
56.85
56.85
56.85
56.8899
56.89
56.89
56.9
56.87
56.86
56.81
56.81
56.99
56.99
56.97
56.97
56.98
56.99
56.98
57.2
57.01
56.91
56.91
56.95
56.99
56.86
56.8
56.8
56.8
56.89
56.8
56.89
56.89
56.83
56.76
56.75
56.8
56.85
56.51
56.52
56.69
56.67
56.69
56.8
56.8
56.8
56.8
56.99
