82.05
82.145
82.04
81.88
82.05
82.125
81.802
82.02
82.02
82.105
82.14
82.055
82.06
82.055
82.075
82.05
81.953
81.72
81.61
81.59
81.5
81.45
81.4222
81.58
81.4701
81.635
81.79
81.7388
81.69
81.475
81.31
81.4
81.47
81.55
81.58
81.59
81.52
81.5
81.31
81.26
81.32
81.14
81.1
81.05
80.99
80.99
80.8
80.96
80.93
80.92
81.04
81.075
80.95
81.08
81.28
81.27
81.2
81.15
81.12
81.12
81.15
81.08
81.05
81.1
81.105
81.0
80.995
80.99
80.92
81.0
81.05
81.075
81.0885
81.0101
81.06
81.09
80.92
80.83
80.92
80.8
80.87
80.82
80.86
80.93
80.9523
81.0
81.04
80.93
80.9995
80.98
80.82
80.763
80.81
80.71
80.64
80.61
80.55
80.6
80.66
80.7
80.48
80.41
80.38
80.245
80.15
80.07
80.09
80.14
80.44
80.455
80.55
80.61
80.54
80.372
80.33
80.25
80.15
80.07
80.07
79.9204
80.115
80.03
79.94
80.04
80.0
79.79
79.8
79.84
79.92
79.78
79.74
79.67
79.775
79.645
79.72
79.71
79.7061
79.6234
79.67
79.71
79.73
79.71
79.8
79.855
79.89
79.84
79.9289
79.86
79.92
80.05
79.94
79.84
79.71
79.7261
79.61
79.66
79.6
79.55
79.5
79.54
79.63
79.67
79.64
79.625
79.5603
79.62
79.7
79.65
79.6128
79.64
79.7
79.6267
79.6747
79.57
79.52
79.64
79.61
79.55
79.56
79.56
79.53
79.49
79.53
79.51
79.455
79.48
79.49
79.47
79.42
79.48
79.53
79.45
79.33
79.345
79.285
79.27
79.37
79.4707
79.48
79.61
79.615
79.66
79.75
79.67
79.63
79.605
79.6088
79.59
79.58
79.63
79.62
79.6
79.605
79.62
79.64
79.6333
79.58
79.5
79.48
79.52
79.48
79.5675
79.48
79.52
79.44
79.51
79.46
79.42
79.42
79.385
79.47
79.45
79.47
79.47
79.44
79.46
79.45
79.39
79.3332
79.36
79.36
79.315
79.35
79.37
79.35
79.33
79.37
79.37
79.37
79.35
79.18
79.145
79.16
79.18
79.1332
79.025
78.965
78.97
78.93
78.84
78.895
78.91
78.8
78.89
78.86
78.905
78.83
78.86
78.825
78.875
78.855
78.76
78.75
78.82
78.89
78.7905
78.78
78.77
78.95
78.86
78.86
78.84
78.75
78.65
78.73
78.72
78.675
78.735
78.63
78.72
78.8
78.7505
78.79
79.03
79.0
79.13
79.035
79.0
78.97
79.02
78.97
79.01
79.035
79.0
78.96
78.95
78.94
78.82
78.82
78.78
78.631
78.74
78.76
78.75
78.7157
78.6
78.64
78.67
78.67
78.65
78.66
78.66
78.6
78.63
78.62
78.565
78.6
78.5798
78.605
78.63
78.68
78.6
78.63
78.7145
78.685
78.61
78.46
78.52
78.485
78.545
78.58
78.55
78.5
78.5399
78.54
78.5
78.48
78.5402
78.55
78.67
78.6
78.56
78.54
78.55
78.54
78.585
78.63
78.79
78.78
78.82
78.78
78.84
78.75
78.835
78.635
78.87
78.94
78.83
78.8007
78.89
78.83
78.82
78.78
78.8001
78.82
78.75
78.73
78.68
78.64
78.53
78.42
78.42
78.45
78.485
78.42
78.57
78.595
78.685
78.8
78.53
78.56
78.56
78.56
78.8
78.56
78.8
78.8
78.7001
78.56
79.3
