171.79
171.53
171.315
171.3528
171.4101
172.23
171.79
171.65
171.81
171.95
172.35
171.69
171.66
171.51
171.37
171.72
171.37
171.13
171.16
170.98
171.14
171.1184
171.2
171.1
171.29
171.48
171.33
171.432
171.63
171.7658
171.8625
171.78
171.56
171.5
171.18
171.37
171.36
171.25
171.17
171.21
171.4601
171.605
171.61
171.24
171.2267
171.31
171.39
171.36
171.3303
171.3901
171.46
171.7063
171.69
171.7282
171.86
171.88
171.85
171.59
171.7102
171.61
171.7885
171.9
171.72
171.62
171.6
171.64
171.72
171.8294
171.91
171.95
172.055
172.1899
172.09
172.0098
171.93
171.96
171.88
171.9
171.96
171.98
172.1
172.01
171.9701
171.998
171.8636
171.7
171.59
171.59
171.58
171.56
171.7522
171.8
171.395
171.51
171.605
171.73
171.8
171.705
171.52
171.51
171.6
171.61
171.685
171.56
171.68
171.755
171.865
171.765
171.81
171.77
171.78
171.76
171.93
171.92
171.9801
172.1202
172.13
172.015
172.035
172.08
172.055
172.31
172.35
172.39
172.3136
172.2
172.19
172.255
172.37
172.34
172.37
172.385
172.51
172.42
172.3799
172.27
172.17
172.21
172.19
172.26
172.24
172.27
172.26
172.3
172.4285
172.23
172.18
172.0441
172.12
172.095
172.24
172.269
172.33
172.38
172.31
172.18
172.17
172.05
171.98
172.08
172.095
172.0486
171.9901
172.07
171.965
171.9
171.889
171.895
171.88
171.909
171.9
171.995
172.0401
172.0001
172.025
171.98
171.8802
171.99
172.045
171.9805
172.015
171.99
171.97
171.92
171.95
171.935
171.92
171.9699
172.0134
172.225
172.32
172.44
172.4
172.335
172.27
172.28
172.325
172.21
172.3185
172.23
172.22
172.12
172.0198
172.02
172.01
172.035
172.04
172.085
172.05
172.21
172.28
172.17
172.18
172.16
172.11
172.06
172.12
172.155
172.16
172.075
172.16
172.255
172.24
172.31
172.29
172.29
172.335
172.34
172.275
172.23
172.35
172.39
172.475
172.535
172.485
172.4695
172.56
172.51
172.5799
172.585
172.545
172.47
172.41
172.41
172.4101
172.44
172.41
172.4458
172.52
172.4344
172.46
172.51
172.601
172.61
172.685
172.75
172.775
172.68
172.845
172.8689
172.9198
172.845
172.9418
173.05
173.0301
173.04
173.09
173.19
173.215
173.185
173.13
173.086
173.12
173.11
173.08
173.155
173.22
173.07
173.115
173.14
173.08
173.12
173.147
173.09
173.11
173.0654
173.12
173.15
173.22
173.17
173.265
173.41
173.4801
173.52
173.49
173.48
173.465
173.52
173.43
173.29
173.425
173.4
173.4646
173.43
173.4664
173.32
173.28
173.22
173.208
173.27
173.39
173.42
173.39
173.42
173.47
173.4045
173.42
173.43
173.48
173.455
173.54
173.51
173.525
173.367
173.29
173.345
173.505
173.54
173.495
173.44
173.37
173.4
173.2799
173.345
173.44
173.37
173.45
173.45
173.3
173.45
173.535
173.47
173.4359
173.5
173.41
173.45
173.33
173.28
173.29
173.25
173.42
173.485
173.47
173.49
173.39
173.35
173.35
173.385
173.16
172.9245
173.18
173.25
173.205
173.28
173.4
173.46
173.43
173.395
173.38
173.43
173.42
173.47
173.475
173.51
173.5402
173.45
173.33
173.22
173.39
173.54
173.895
173.74
173.905
173.89
173.89
173.575
173.72
173.68
173.725
173.52
173.2
