426.395
421.0
422.0
420.7475
419.61
420.5
422.35
419.69
421.71
420.89
420.82
417.0
415.6982
415.685
415.13
417.887
417.89
417.465
416.8399
417.46
420.0
420.62
420.548
419.71
422.58
421.595
421.4095
423.9189
424.7276
422.8
423.15
424.62
422.19
422.2847
419.3637
419.76
420.17
419.4899
419.0215
419.5283
421.3332
422.47
421.44
418.37
419.51
417.96
419.6
420.1662
419.34
420.07
421.0
421.8562
420.35
420.4884
420.9499
421.905
420.9
420.2799
422.12
423.02
424.21
423.6
422.23
421.685
422.0
421.7186
422.29
422.16
423.9
424.09
425.32
426.4899
425.1
425.49
425.29
425.85
425.6601
425.815
427.79
428.67
429.22
427.7071
427.3724
428.59
426.88
427.4
427.295
426.81
427.2
426.185
426.58
427.4299
426.73
426.7873
427.1902
428.4899
429.305
428.66
427.6914
427.34
426.85
425.98
425.56
423.754
424.56
425.09
424.58
424.448
424.21
424.685
424.48
424.7768
424.64
425.76
425.7148
425.41
425.8392
424.6613
424.8371
423.2448
423.31
424.47
424.56
424.5446
424.19
424.11
424.275
424.6437
424.4259
423.76
423.26
422.39
423.1
422.94
423.0
423.2467
423.1716
423.7199
423.14
422.68
422.7986
423.47
422.9101
423.57
423.57
423.78
423.96
423.682
424.8699
424.77
425.4599
425.68
424.86
425.18
424.9
424.8799
424.97
425.45
424.9779
424.78
423.85
423.8481
424.08
424.17
423.7733
423.0
422.965
422.9
423.19
423.3229
423.5
423.16
422.8
423.3084
422.76
422.7195
421.937
422.0
422.21
421.6
421.38
421.53
422.02
422.1725
422.27
422.5699
422.46
422.41
421.6001
422.22
421.7925
421.8099
421.935
422.29
421.2
421.44
421.69
421.6812
422.03
421.9322
421.82
421.865
421.09
420.69
420.515
420.63
420.0301
420.1622
421.07
420.635
421.3
421.04
421.0384
420.89
420.5
420.59
420.86
421.35
421.385
421.1286
421.28
421.535
421.3
420.5035
419.86
419.67
420.2433
420.4295
421.0
421.3438
422.015
421.195
421.425
421.23
421.02
421.44
421.43
421.0661
421.5
421.5151
421.91
421.972
421.9
421.63
421.8
422.02
422.21
422.18
422.3389
422.73
422.665
422.691
422.8667
422.8932
422.7299
422.54
422.87
422.4
423.3536
424.0
423.6837
423.835
424.0732
424.17
424.432
423.7784
424.74
424.33
423.9212
423.3822
423.72
423.86
423.62
423.94
423.85
424.25
424.5292
424.51
424.4135
424.98
424.9459
424.0307
424.545
423.725
423.94
423.7022
423.2978
423.61
424.18
424.07
424.605
424.7
424.84
425.6496
425.8
426.1299
426.07
426.16
425.8447
425.485
425.71
426.46
426.11
426.5363
426.59
426.785
427.1
426.745
427.019
426.7241
426.85
427.2301
426.5
426.69
426.4759
426.8776
426.77
426.6951
426.77
427.28
426.77
426.331
424.53
424.8798
425.0
425.074
425.36
425.3
424.92
424.4688
424.4799
423.8
423.91
424.2101
424.115
423.9801
423.3001
423.84
423.5124
423.42
423.095
422.75
422.69
423.1
423.8964
423.3399
423.705
423.5635
423.32
423.2484
423.4299
423.28
422.93
423.12
423.25
422.88
423.2699
423.75
423.212
423.5592
423.8251
423.51
423.36
423.705
423.9843
423.64
423.68
423.435
422.96
423.2753
422.7924
422.69
423.16
423.33
423.2
422.7
422.508
421.45
421.32
422.11
423.6116
422.83
423.35
423.22
422.33
421.66
421.53
422.06
420.19
421.24
420.95
