15.83
16.0549
15.895
15.85
15.75
15.78
15.79
15.9175
15.875
15.94
15.96
15.895
15.97
15.925
15.98
15.89
15.765
15.765
15.765
15.7
15.69
15.765
15.72
15.66
15.715
15.745
15.73
15.72
15.635
15.7
15.68
15.54
15.53
15.525
15.46
15.43
15.525
15.57
15.51
15.53
15.46
15.46
15.48
15.34
15.385
15.37
15.3
15.24
15.255
15.255
15.355
15.31
15.4
15.385
15.4
15.39
15.255
15.29
15.25
15.25
15.25
15.225
15.17
15.195
15.17
15.165
15.08
15.085
15.055
15.07
14.9
15.0
15.0
14.98
15.01
15.045
15.07
15.09
15.14
15.14
15.14
15.16
15.29
15.3
15.355
15.29
15.34
15.31
15.26
15.33
15.45
15.51
15.56
15.45
15.37
15.29
15.25
15.3
15.35
15.29
15.42
15.4099
15.36
15.33
15.34
15.42
15.39
15.47
15.53
15.51
15.5
15.55
15.5
15.41
15.43
15.4
15.38
15.32
15.28
15.34
15.28
15.26
15.28
15.2
15.22
15.33
15.43
15.43
15.47
15.51
15.56
15.51
15.5464
15.47
15.44
15.41
15.48
15.48
15.47
15.48
15.5
15.43
15.44
15.46
15.41
15.41
15.4
15.39
15.42
15.37
15.385
15.3
15.29
15.37
15.38
15.41
15.36
15.32
15.35
15.36
15.3826
15.4
15.43
15.4
15.42
15.34
15.36
15.28
15.28
15.29
15.25
15.34
15.38
15.41
15.43
15.4477
15.47
15.46
15.47
15.47
15.45
15.42
15.3998
15.35
15.33
15.31
15.35
15.32
15.3
15.27
15.1
15.13
15.15
15.19
15.21
15.21
15.21
15.21
15.2
15.21
15.25
15.25
15.21
15.22
15.19
15.18
15.09
15.06
15.08
15.14
15.16
15.09
15.15
15.1
15.055
15.01
15.04
15.05
15.1242
15.1
15.15
15.1
15.1
15.08
15.06
15.06
15.0
15.03
15.0
14.99
14.93
14.935
14.96
15.09
15.08
15.05
15.05
15.03
15.01
15.01
14.94
14.94
14.98
15.02
15.05
15.04
15.05
15.05
15.04
15.01
14.98
14.97
15.03
15.02
14.985
15.0
14.96
15.0338
14.99
14.9648
14.94
14.88
14.88
14.87
14.83
14.92
14.92
14.895
14.94
14.9
14.89
14.9
14.86
14.83
14.78
14.82
14.87
14.81
14.89
14.92
14.945
14.95
14.94
14.96
14.94
14.93
14.93
15.02
15.02
15.02
15.02
15.015
15.0
15.01
14.97
14.95
14.95
15.0
15.0
14.99
15.02
15.08
15.08
15.06
14.98
15.02
14.99
15.07
15.1
15.18
15.15
15.19
15.19
15.25
15.29
15.34
15.35
15.33
15.44
15.375
15.42
15.4
15.43
15.315
15.3
15.27
15.16
15.18
15.15
15.2
15.2
15.16
15.11
15.12
15.25
16.03
15.74
15.69
15.38
15.3
15.38
15.45
15.48
15.52
15.65
15.65
15.52
15.46
15.5
15.455
15.465
15.45
15.42
15.39
15.4013
15.47
15.48
15.4302
15.425
15.36
15.42
15.54
15.61
15.655
15.63
15.75
15.72
15.76
15.82
15.81
15.77
15.76
15.78
15.81
15.91
15.94
16.03
16.05
16.11
16.16
16.13
16.03
15.985
15.95
15.95
16.07
16.05
16.13
16.08
16.09
16.1
16.085
16.04
15.995
16.045
16.05
16.06
16.0
16.005
16.0
15.99
15.98
15.96
15.895
15.96
15.965
15.985
16.04
16.1
16.21
16.26
16.215
16.23
16.21
16.24
16.235
16.26
16.32
16.295
16.32
16.35
16.31
16.27
16.28
16.34
16.345
16.32
16.285
16.24
16.29
16.32
16.27
16.25
16.16
16.17
16.18
16.21
16.18
16.15
16.125
16.09
16.1
16.12
16.08
16.1
16.09
16.07
16.09
16.12
16.15
16.17
16.18
16.18
16.18
16.23
16.24
16.26
16.31
16.3
16.28
16.25
16.27
16.28
16.28
16.36
16.42
16.47
16.47
16.4
16.39
16.43
16.465
16.48
16.44
16.51
16.59
16.49
16.48
16.47
16.52
16.52
16.53
16.49
16.43
16.39
16.425
16.41
16.39
16.41
16.39
16.37
16.37
16.38
16.41
16.36
16.28
16.31
16.32
16.36
16.4
16.37
16.41
16.45
16.43
16.47
16.485
16.43
16.45
16.43
16.315
16.31
16.37
16.29
16.21
16.26
16.31
16.325
16.3244
16.29
16.29
16.3
16.33
16.39
16.3205
16.33
16.375
16.36
16.37
16.4
16.39
16.35
16.36
16.355
16.32
16.3
16.31
16.31
16.29
16.35
16.33
16.23
16.22
16.26
16.26
16.23
16.19
16.18
16.19
16.15
16.16
16.13
16.15
16.18
16.19
16.28
16.265
16.265
16.27
16.25
16.25
16.25
16.26
16.27
16.29
16.27
16.29
16.32
16.2804
16.2604
16.24
16.21
16.22
16.25
16.25
16.28
16.23
16.22
16.21
16.18
16.22
16.2
16.22
16.26
16.26
16.26
16.28
16.23
16.25
16.32
16.28
16.23
16.19
16.18
16.2
16.2
16.16
16.16
16.12
16.12
16.18
16.18
16.13
16.08
16.07
16.03
16.07
16.11
16.15
16.17
16.12
16.11
16.11
16.0701
16.08
16.12
16.09
16.07
16.11
15.96
16.54
16.5258
16.43
16.63
16.61
16.55
16.6
16.78
16.75
16.74
16.8
16.82
16.65
16.72
16.76
16.79
16.8
16.8
16.73
16.65
16.64
16.65
16.63
16.42
16.41
16.47
16.5
16.48
16.45
16.48
16.5
16.5
16.5
16.53
16.5
16.51
16.5
16.48
16.38
16.41
16.49
16.52
16.605
16.67
16.7
16.64
16.62
16.65
16.64
16.63
16.73
16.7
16.7
16.68
16.69
16.63
16.66
16.67
16.66
16.68
16.66
16.63
16.59
16.56
16.54
16.57
16.52
16.5
16.52
16.51
16.5
16.5
16.5
16.47
16.4
16.44
16.48
16.485
16.45
16.48
16.49
16.48
16.492
16.495
16.5
16.49
16.45
16.48
16.6
16.62
16.64
16.69
16.7
16.72
16.68
16.68
16.71
16.73
16.78
16.82
16.84
16.82
16.83
16.88
16.9
16.85
16.86
16.88
16.87
16.82
16.85
16.88
16.91
16.91
16.88
16.92
16.93
16.94
16.92
16.88
16.91
16.83
16.8
16.8
16.78
16.8499
16.87
16.8
16.8139
16.79
16.81
16.78
16.78
16.77
16.765
16.77
16.78
16.77
16.775
16.75
16.75
16.75
16.83
16.81
16.85
16.91
16.91
16.905
16.85
16.88
16.88
16.935
16.98
16.97
16.98
16.93
16.93
16.98
16.94
16.95
16.99
16.97
16.99
16.99
16.96
17.02
17.045
17.06
17.085
17.08
17.13
17.13
17.14
17.11
17.13
17.09
17.19
17.21
17.2096
17.25
17.23
17.2279
17.23
17.25
17.21
17.22
17.135
17.085
17.1
17.14
17.085
17.055
17.03
17.065
17.035
17.035
17.03
17.01
16.99
16.93
16.915
16.915
17.01
17.0
17.11
17.14
17.16
17.12
17.14
17.17
17.16
17.13
17.18
17.2418
17.265
17.255
17.2
17.21
17.23
17.25
17.24
17.22
17.22
17.27
17.26
17.22
17.26
17.24
17.28
17.3
17.28
17.365
17.29
17.26
17.28
17.27
17.25
17.18
17.24
17.27
17.27
17.39
17.3
17.31
17.31
17.31
17.29
17.31
17.36
17.41
17.36
17.44
17.48
17.435
17.47
17.49
17.47
17.54
17.53
17.51
17.47
17.5
17.51
17.52
17.49
17.55
17.52
17.525
17.57
17.54
17.58
17.61
17.72
17.7
17.72
17.69
17.67
17.595
17.65
17.675
17.67
17.71
17.69
17.7
17.69
17.71
17.69
17.78
17.63
17.64
17.66
17.66
17.76
17.67
17.68
17.68
17.71
17.71
17.71
17.59
17.6
17.55
17.24
17.11
17.0
17.18
17.1997
17.14
17.18
17.03
17.054
17.04
17.03
16.8191
16.81
16.94
16.88
16.88
16.88
16.899
16.7
16.7214
16.77
16.84
16.83
16.77
16.75
16.6
16.48
16.47
16.36
16.37
16.34
16.43
16.49
16.47
16.47
16.47
16.445
16.418
16.41
16.33
16.36
16.25
16.25
16.325
16.26
16.25
16.225
16.275
16.27
16.34
16.36
16.33
16.2933
16.2954
16.3
16.33
16.35
16.4
16.41
16.365
16.38
16.43
16.43
16.43
16.48
16.5083
16.51
16.495
16.5
16.5
16.53
16.54
16.52
16.55
16.56
16.56
16.54
16.5
16.53
16.55
16.52
16.51
16.53
16.54
16.53
16.5
16.5
16.51
16.52
16.5137
16.51
16.51
16.51
16.51
16.52
16.55
16.54
16.55
16.515
16.53
16.58
16.55
16.53
16.5
16.51
16.51
16.49
16.43
16.42
16.45
16.44
16.44
16.42
16.4
16.4
16.39
16.36
16.3
16.2891
16.29
16.27
16.22
16.23
16.2
16.27
16.27
16.3
16.29
16.21
16.21
16.2282
16.23
16.21
16.21
16.26
16.27
16.3
16.29
16.3169
16.32
16.35
16.39
16.39
16.42
16.4
16.39
16.45
16.46
16.465
16.53
16.567
16.56
16.53
16.51
16.5
16.5
16.52
16.49
16.33
16.33
16.34
16.34
16.31
16.3
16.27
16.25
16.22
16.22
16.24
16.25
16.28
16.27
16.27
16.27
16.32
16.29
16.26
16.24
16.2
16.21
16.2
16.29
16.28
16.26
16.305
16.31
16.36
16.37
16.32
16.3
16.3
16.34
16.31
16.32
16.37
16.33
16.33
16.31
16.35
16.38
16.41
16.39
16.37
16.34
16.32
16.37
16.35
16.39
16.4
16.37
16.39
16.38
16.38
16.39
16.36
16.34
16.34
16.32
16.3
16.32
16.33
16.34
16.34
16.315
16.33
16.35
16.33
16.34
16.38
16.38
16.43
16.33
16.345
16.37
16.42
16.46
16.4487
16.42
16.44
16.46
16.38
16.37
16.8
16.82
16.17
16.66
16.69
16.92
16.86
16.9
16.89
16.92
16.87
16.94
16.86
16.92
16.85
16.85
16.9
16.78
16.85
16.71
16.76
16.71
16.68
16.71
16.78
16.8
16.77
16.72
16.71
16.7
16.69
16.68
16.63
16.63
16.62
16.655
16.655
16.59
16.59
16.58
16.64
16.64
16.66
16.62
16.63
16.66
16.63
16.57
16.54
16.565
16.58
16.49
16.53
16.53
16.49
16.465
16.48
16.42
16.44
16.465
16.53
16.55
16.48
16.51
16.54
16.525
16.46
16.46
16.45
16.515
16.58
16.67
16.67
16.67
16.69
16.72
16.705
16.68
16.72
16.695
16.69
16.71
16.7
16.69
16.72
16.69
16.67
16.665
16.66
16.65
16.65
16.61
16.59
16.6
16.605
16.65
16.67
16.7
16.69
16.7
16.68
16.69
16.74
16.74
16.79
16.79
16.79
16.79
16.76
16.8
16.76
16.74
16.775
16.8
16.76
16.77
16.735
16.75
16.73
16.73
16.72
16.72
16.7
16.66
16.68
16.68
16.68
16.66
16.675
16.65
16.66
16.66
16.65
16.63
16.62
16.61
16.58
16.57
16.55
16.52
16.53
16.51
16.52
16.535
16.53
16.49
16.47
16.45
16.455
16.42
16.45
16.43
16.43
16.49
16.49
16.49
16.49
16.515
16.5
16.51
16.497
16.5
16.455
16.44
16.38
16.39
16.38
16.46
16.51
16.51
16.45
16.49
16.51
16.5
16.49
16.48
16.47
16.505
16.5114
16.52
16.53
16.51
16.51
16.54
16.53
16.52
16.545
16.5426
16.57
16.56
16.57
16.57
16.58
16.64
16.61
16.62
16.645
16.64
16.6
16.6
16.61
16.615
16.63
16.65
16.68
16.68
16.65
16.65
16.66
16.68
16.7
16.71
16.71
16.725
16.67
16.645
16.645
16.67
16.65
16.65
16.65
16.69
16.69
16.67
16.68
16.67
16.69
16.68
16.7
16.71
16.71
16.69
16.695
16.71
16.725
16.76
16.72
16.71
16.71
16.7296
16.705
16.7
16.72
16.715
16.68
16.69
16.71
16.73
16.73
16.72
16.695
16.685
16.67
16.67
16.68
16.69
16.705
16.68
16.65
16.67
16.69
16.68
16.65
16.65
16.675
16.64
16.665
16.69
16.68
16.68
16.7
16.69
16.7
16.685
16.65
16.66
16.66
16.65
16.67
16.69
16.67
16.64
16.65
16.62
16.595
16.605
16.63
16.63
16.645
16.65
16.65
16.67
16.63
16.635
16.635
16.63
16.63
16.63
16.59
16.61
16.62
16.61
16.61
16.0
16.1
16.18
16.32
16.02
15.98
15.91
15.84
15.83
15.875
15.94
15.91
16.06
16.0
16.05
15.9761
16.01
16.01
16.01
15.97
16.035
15.99
16.08
16.02
15.975
15.94
15.97
15.98
15.99
15.99
15.97
16.0
15.94
15.99
15.94
15.97
15.93
15.94
15.93
15.91
15.94
15.94
15.92
15.9
15.92
15.9231
15.8901
15.95
15.91
15.93
15.92
15.96
15.95
15.88
15.87
15.87
15.92
15.88
15.88
15.86
15.87
15.89
15.89
15.92
15.945
15.97
15.97
15.8975
15.92
15.95
15.95
15.9
15.91
15.93
15.98
15.94
15.995
15.98
15.98
15.86
15.88
15.94
15.9
15.91
15.93
15.9
15.91
15.93
15.91
16.0
16.0
16.0
16.0
16.005
16.04
16.03
15.99
15.92
15.925
15.92
15.95
15.97
15.95
15.99
15.94
15.95
15.94
15.88
15.96
15.95
15.93
15.92
15.94
15.91
15.89
15.9
15.89
15.83
15.79
15.79
15.88
15.84
15.84
15.825
15.81
15.85
15.9
15.9
15.85
15.87
15.92
15.9
15.96
15.97
16.01
15.99
16.02
16.03
16.05
16.1
16.11
16.14
16.13
16.15
16.15
16.12
16.14
16.16
16.16
16.12
16.09
16.15
16.16
16.19
16.2
16.2
16.21
16.21
16.21
16.25
16.23
16.22
16.19
16.18
16.24
16.2238
16.19
16.145
16.115
16.09
16.08
16.1
16.05
16.07
16.09
16.06
16.04
16.03
16.0
16.005
16.015
16.006
16.0
16.005
15.98
15.95
15.975
15.995
16.0
15.98
15.92
15.95
16.0
15.98
16.02
16.0
16.0
16.05
16.03
16.02
16.0
16.08
16.06
16.08
16.09
16.06
16.06
16.07
16.1
16.08
16.095
16.095
16.12
16.13
16.11
16.1
16.1
16.11
16.08
16.105
16.09
16.1
16.15
16.12
16.115
16.135
16.11
16.135
16.125
16.135
16.135
16.13
16.135
16.12
16.09
16.07
16.07
16.06
16.065
16.055
16.05
16.02
16.03
16.02
15.98
15.99
15.97
15.98
15.99
16.01
16.01
16.015
16.02
16.025
16.01
15.995
15.97
15.98
16.01
15.97
15.91
15.91
15.91
15.91
15.89
15.9
15.875
15.84
15.82
15.83
15.81
15.835
15.825
15.8211
15.81
15.815
15.84
15.83
15.8
15.78
15.74
15.78
15.76
15.78
15.75
15.74
15.7
15.75
15.77
15.77
15.92
15.96
15.78
15.78
15.9
15.93
15.89
15.83
15.83
15.81
15.81
15.72
15.72
15.71
15.63
15.56
15.45
15.42
15.49
15.45
15.475
15.46
15.44
15.45
15.44
15.44
15.32
15.26
15.24
15.19
15.22
15.25
15.25
15.17
15.19
15.14
15.16
15.145
15.16
15.11
15.22
15.26
15.31
15.25
15.3
15.25
15.29
15.3
15.26
15.24
15.25
15.2
15.27
15.2845
15.315
15.33
15.33
15.35
15.38
15.34
15.5
15.58
15.56
15.62
15.58
15.55
15.49
15.52
15.58
15.57
15.5004
15.45
15.46
15.41
15.37
15.325
15.32
15.31
15.31
15.32
15.29
15.31
15.33
15.29
15.23
15.23
15.19
15.18
15.1
15.13
15.1
15.11
15.15
15.1583
15.14
15.18
15.15
15.08
15.08
15.03
15.04
15.04
15.07
15.08
15.05
15.13
15.17
15.11
15.1
15.06
15.07
15.02
15.03
14.99
14.97
14.94
14.92
14.93
14.93
14.92
14.95
14.96
14.98
14.96
14.94
14.89
14.91
14.87
14.8
14.82
14.8509
14.84
14.84
14.84
14.84
14.87
14.88
14.81
14.8
14.8
14.8
14.77
14.74
14.8081
14.8
14.82
14.82
14.8534
14.87
14.86
14.83
14.85
14.87
14.86
14.85
14.8148
14.81
14.85
14.83
14.87
14.89
14.87
14.87
14.89
14.88
14.88
14.85
14.84
14.84
14.87
14.84
14.83
14.86
14.86
14.84
14.83
14.82
14.83
14.82
14.8
14.82
14.8
14.78
14.8
14.8
14.81
14.82
14.81
14.82
14.84
14.86
14.83
14.83
14.85
14.88
14.88
14.92
14.925
14.9
14.94
14.93
14.91
14.89
14.94
14.88
14.86
14.85
14.84
14.83
14.81
14.83
14.84
14.8
14.79
14.81
14.8
14.8
14.81
14.81
14.82
14.84
14.84
14.84
14.86
14.87
14.91
14.92
14.89
14.86
14.84
14.85
14.86
14.84
14.84
14.84
14.85
14.87
14.84
14.85
14.79
14.82
14.82
14.84
14.85
14.83
14.88
14.89
14.85
14.82
14.8
14.795
14.83
14.85
14.88
14.87
14.92
14.9
14.91
14.93
14.91
14.98
14.94
14.96
14.98
14.98
15.0
15.02
15.0
15.04
15.03
15.02
15.02
15.02
15.0
15.03
15.0
15.01
15.01
15.0
15.0
15.0
15.01
15.0
15.0
15.0
15.02
15.03
15.06
15.11
15.09
15.14
15.13
15.13
15.2
15.23
15.2
15.22
15.22
15.25
15.26
15.26
15.24
15.28
15.33
15.32
15.37
15.31
15.32
15.305
15.315
15.32
15.3
15.32
15.35
15.4
15.4
15.4
15.405
15.415
15.49
15.425
15.465
15.48
15.47
15.4
15.42
16.15
16.47
16.4999
16.365
16.16
16.1556
16.05
16.0195
16.1326
16.17
16.16
16.33
16.26
16.3
16.275
16.23
16.27
16.37
16.35
16.37
16.325
16.315
16.25
16.185
16.18
16.195
16.185
16.21
16.17
16.18
16.15
16.15
16.2098
16.14
16.15
16.15
16.09
16.12
16.12
16.15
16.16
16.15
16.11
16.15
16.17
16.19
16.17
16.19
16.16
16.19
16.15
16.15
16.16
16.15
16.14
16.13
16.16
16.13
16.12
16.16
16.1
16.12
16.12
16.16
16.15
16.16
16.13
16.105
16.1
16.11
16.115
16.15
16.16
16.08
16.11
16.09
16.06
16.06
16.0596
16.07
16.03
16.05
16.06
16.09
16.05
16.08
16.13
16.155
16.19
16.14
16.15
16.15
16.18
16.11
16.12
16.11
16.115
16.16
16.19
16.19
16.15
16.19
16.16
16.18
16.21
16.26
16.24
16.22
16.22
16.2
16.23
16.235
16.27
16.24
16.24
16.2486
16.25
16.28
16.34
16.36
16.375
16.37
16.37
16.4
16.41
16.43
16.44
16.45
16.43
16.43
16.41
16.42
16.4
16.41
16.44
16.44
16.43
16.42
16.41
16.41
16.42
16.42
16.4305
16.3924
16.39
16.37
16.4
16.39
16.35
16.335
16.36
16.36
16.36
16.36
16.38
16.4
16.42
16.39
16.35
16.34
16.34
16.33
16.31
16.32
16.31
16.32
16.29
16.3
16.295
16.32
16.29
16.28
16.24
16.25
16.27
16.25
16.23
16.22
16.21
16.215
16.24
16.24
16.25
16.27
16.275
16.275
16.28
16.34
16.32
16.29
16.29
16.28
16.29
16.32
16.3
16.3
16.32
16.29
16.305
16.3
16.31
16.3179
16.31
16.31
16.3025
16.28
16.27
16.24
16.24
16.23
16.235
16.24
16.22
16.21
16.22
16.23
16.23
16.23
16.24
16.22
16.24
16.23
16.24
16.24
16.28
16.26
16.25
16.26
16.24
16.24
16.23
16.23
16.3
16.32
16.31
16.33
16.35
16.32
16.3
16.34
16.345
16.35
16.38
16.39
16.4
16.39
16.43
16.42
16.43
16.44
16.45
16.42
16.46
16.445
16.44
16.43
16.46
16.445
16.42
16.395
16.4
16.39
16.43
16.06
15.71
16.4453
16.1
16.1
16.04
16.08
16.11
16.06
16.11
16.085
16.08
16.0725
16.06
16.045
16.03
16.03
16.0425
16.12
16.1
16.125
16.11
16.145
16.1775
16.18
16.2499
16.3111
16.31
16.21
16.2599
16.24
16.25
16.26
16.2458
16.27
16.27
16.3
16.27
16.22
16.255
16.28
16.255
16.22
16.28
16.265
16.38
16.4
16.39
16.38
16.43
16.42
16.375
16.43
16.405
16.41
16.39
16.38
16.4
16.42
16.42
16.39
16.3837
16.37
16.4
16.4
16.36
16.335
16.345
16.37
16.38
16.38
16.38
16.39
16.4
16.39
16.39
16.42
16.42
16.41
16.43
16.5
16.47
16.44
16.47
16.44
16.49
16.47
16.49
16.47
16.49
16.51
16.49
16.45
16.465
16.455
16.46
16.47
16.51
16.49
16.49
16.49
16.39
16.49
16.5
16.46
16.44
16.44
16.47
16.49
16.52
16.53
16.4813
16.49
16.49
16.5
16.47
16.48
16.49
16.52
16.52
16.51
16.525
16.55
16.58
16.565
16.58
16.56
16.55
16.56
16.56
16.56
16.58
16.59
16.6
16.595
16.58
16.585
16.56
16.54
16.55
16.56
16.57
16.575
16.55
16.57
16.55
16.55
16.55
16.57
16.55
16.54
16.49
16.5
16.52
16.49
16.51
16.52
16.53
16.5
16.5
16.5
16.5
16.49
16.49
16.4825
16.49
16.495
16.52
16.53
16.52
16.48
16.49
16.51
16.54
16.57
16.54
16.52
16.49
16.48
16.5
16.5
16.5
16.49
16.52
16.53
16.55
16.55
16.535
16.555
16.55
16.545
16.53
16.53
16.55
16.56
16.56
16.57
16.58
16.57
16.56
16.56
16.56
16.55
16.5411
16.535
16.5302
16.55
16.54
16.57
16.53
16.54
16.54
16.53
16.53
16.53
16.54
16.53
16.525
16.48
16.48
16.5
16.49
16.5
16.46
16.4425
16.43
16.39
16.44
16.46
16.48
16.4725
16.46
16.46
16.49
16.51
16.465
16.48
16.45
16.47
16.48
16.49
16.5
16.47
16.49
16.54
16.51
16.52
16.5
16.48
16.5
16.475
16.46
16.4
16.41
16.42
16.43
16.395
16.43
16.44
16.48
16.45
16.425
16.43
16.42
16.44
16.47
16.48
16.455
16.46
16.4925
16.48
16.465
16.48
16.48
16.48
16.4725
16.475
16.485
16.51
16.49
16.505
16.52
16.52
16.51
16.53
16.55
16.54
16.57
16.59
16.58
16.585
16.57
16.57
16.57
16.545
16.52
16.535
16.58
16.57
16.575
16.56
16.57
16.565
16.59
16.58
16.565
16.62
16.61
16.63
16.64
16.665
16.67
16.63
16.66
16.67
16.62
16.62
15.99
16.2
15.72
16.0
15.99
15.86
16.1114
16.16
16.13
16.14
16.16
16.17
16.17
16.24
16.25
16.25
16.16
16.22
16.16
16.16
16.21
16.21
16.16
16.18
16.16
16.155
16.14
16.19
16.21
16.3
16.34
16.33
16.31
16.26
16.27
16.32
16.285
16.32
16.36
16.3213
16.33
16.33
16.33
16.33
16.33
16.33
16.32
16.33
16.33
16.41
16.46
16.435
16.49
16.41
16.405
16.425
16.48
16.46
16.51
16.47
16.42
16.41
16.46
16.44
16.49
16.52
16.53
16.47
16.46
16.43
16.415
16.39
16.41
16.495
16.52
16.46
16.395
16.43
16.47
16.52
16.5
16.49
16.48
16.43
16.43
16.44
16.5
16.475
16.47
16.45
16.51
16.52
16.54
16.515
16.5
16.4876
16.5
16.51
16.495
16.48
16.52
16.48
16.51
16.53
16.465
16.46
16.45
16.46
16.44
16.46
16.445
16.44
16.42
16.42
16.42
16.41
16.44
16.42
16.4
16.41
16.395
16.42
16.415
16.415
16.39
16.42
16.43
16.41
16.46
16.45
16.46
16.48
16.535
16.54
16.52
16.53
16.525
16.53
16.59
16.56
16.55
16.54
16.56
16.54
16.55
16.53
16.52
16.53
16.52
16.5
16.51
16.54
16.54
16.53
16.54
16.58
16.58
16.565
16.57
16.56
16.55
16.55
16.56
16.56
16.55
16.55
16.6
16.6
16.6
16.66
16.71
16.66
16.66
16.66
16.65
16.65
16.64
16.61
16.62
16.61
16.59
16.55
16.57
16.58
16.55
16.55
16.57
16.58
16.57
16.56
16.56
16.54
16.56
16.535
16.55
16.555
16.58
16.6
16.58
16.55
16.56
16.57
16.6
16.57
16.58
16.6
16.58
16.56
16.58
16.56
16.59
16.63
16.68
16.63
16.61
16.6
16.59
16.595
16.63
16.65
16.68
16.63
16.63
16.67
16.66
16.65
16.65
16.66
16.66
16.69
16.69
16.7
16.71
16.72
16.7
16.71
16.73
16.73
16.74
16.73
16.75
16.63
16.55
16.5
16.57
16.58
16.57
16.61
16.64
16.57
16.59
16.62
16.62
16.655
16.63
16.66
16.72
16.73
16.77
16.81
16.8
16.74
16.8
16.78
16.79
16.81
16.8
16.81
16.73
16.75
16.725
16.76
16.8
16.78
16.75
16.8
16.82
16.82
16.81
16.82
16.81
16.835
16.85
16.8719
16.88
16.86
16.86
16.87
16.86
16.86
16.88
16.87
16.76
16.79
16.76
16.74
16.72
16.73
16.73
16.75
16.72
16.7
16.69
17.08
17.07
17.01
16.87
16.81
16.7557
16.81
16.83
16.82
16.83
16.845
16.88
16.91
16.845
16.88
16.89
16.855
16.88
16.85
16.86
16.86
16.825
16.8
16.77
16.8
16.785
16.76
16.65
16.605
16.4913
16.46
16.515
16.45
16.45
16.5
16.48
16.5
16.5
16.5
16.48
16.57
16.56
16.5619
16.61
16.64
16.63
16.545
16.5
16.55
16.59
16.68
16.67
16.62
16.64
16.62
16.62
16.58
16.58
16.6
16.605
16.615
16.61
16.6
16.58
16.59
16.58
16.56
16.52
16.51
16.5
16.55
16.565
16.57
16.58
16.57
16.52
16.52
16.54
16.53
16.5
16.5
16.52
16.47
16.44
16.42
16.4
16.415
16.38
16.38
16.41
16.41
16.39
16.4
16.43
16.4
16.42
16.42
16.41
16.4
16.395
16.4
16.41
16.39
16.39
16.39
16.39
16.38
16.39
16.37
16.365
16.4
16.4
16.41
16.36
16.37
16.37
16.37
16.38
16.32
16.33
16.3275
16.33
16.33
16.33
16.33
16.37
16.39
16.44
16.44
16.42
16.43
16.455
16.45
16.47
16.5
16.47
16.49
16.48
16.4601
16.48
16.48
16.5
16.47
16.45
16.46
16.49
16.48
16.45
16.47
16.47
16.46
16.48
16.5
16.52
16.53
16.52
16.49
16.49
16.5
16.5
16.5
16.5
16.51
16.52
16.53
16.52
16.52
16.5208
16.52
16.58
16.58
16.56
16.52
16.53
16.56
16.55
16.58
16.56
16.56
16.565
16.58
16.57
16.55
16.53
16.52
16.54
16.535
16.58
16.56
16.56
16.52
16.52
16.53
16.54
16.53
16.54
16.54
16.54
16.57
16.58
16.59
16.62
16.62
16.61
16.61
16.62
16.61
16.6
16.6
16.61
16.625
16.63
16.64
16.62
16.64
16.65
16.66
16.64
16.655
16.64
16.61
16.61
16.6
16.63
16.6
16.6
16.63
16.62
16.61
16.59
16.53
16.52
16.5
16.51
16.53
16.4367
16.4149
16.74
16.62
16.57
16.57
16.57
16.5
16.56
16.6
16.7
16.685
16.72
16.7943
16.75
16.75
16.8
16.88
16.85
16.83
16.8325
16.84
16.91
16.91
16.94
16.93
16.94
16.91
16.94
16.96
16.92
16.95
16.95
16.96
16.95
16.93
16.91
16.91
16.92
16.9
16.88
16.9
16.89
16.91
16.9258
16.91
16.9166
16.89
16.86
16.89
16.9
16.88
16.89
16.85
16.85
16.88
16.91
16.98
16.95
16.93
16.92
16.94
16.96
16.96
16.945
16.9075
16.92
16.9
16.8102
16.79
16.78
16.82
16.84
16.83
16.8
16.83
16.83
16.81
16.83
16.83
16.8377
16.83
16.83
16.81
16.82
16.84
16.83
16.86
16.87
16.89
16.9
16.89
16.9
16.9
16.915
16.98
16.94
16.93
16.92
16.945
16.93
16.92
16.93
16.915
16.94
16.93
16.93
16.91
16.9
16.88
16.87
16.91
16.91
16.9003
16.95
16.85
16.69
16.59
16.67
16.64
16.6101
16.59
16.57
16.64
16.66
16.7
16.73
16.73
16.72
16.76
16.76
16.81
16.79
16.77
16.75
16.75
16.77
16.81
16.8401
16.84
16.83
16.8067
16.81
16.77
16.79
16.75
16.78
16.805
16.76
16.75
16.86
16.85
16.86
16.84
16.84
16.83
16.81
16.78
16.79
16.795
16.75
16.74
16.69
16.72
16.72
16.75
16.74
16.67
16.68
16.705
16.67
16.65
16.63
16.63
16.68
16.7
16.66
16.63
16.61
16.63
16.62
16.62
16.69
16.69
16.69
16.63
16.63
16.64
16.64
16.6
16.6
16.59
16.62
16.61
16.62
16.61
16.59
16.61
16.6
16.61
16.6
16.625
16.62
16.59
16.6
16.6
16.59
16.6
16.65
16.65
16.65
16.65
16.68
16.67
16.65
16.63
16.63
16.64
16.64
16.65
16.63
16.63
16.61
16.605
16.59
16.59
16.61
16.605
16.63
16.65
16.66
16.68
16.65
16.62
16.6
16.62
16.6
16.6
16.61
16.64
16.66
16.64
16.63
16.64
16.66
16.65
16.65
16.64
16.6
16.62
16.61
16.62
16.61
16.62
16.63
16.64
16.65
16.66
16.66
16.65
16.67
16.61
16.65
16.62
16.66
16.68
16.64
16.68
16.69
16.68
16.69
16.7
16.69
16.71
16.7
16.68
16.7
16.685
16.685
16.68
16.7
16.63
16.59
16.56
16.57
16.51
16.47
16.46
16.47
16.48
16.46
16.46
16.51
16.46
16.72
16.5117
16.4214
16.44
16.5049
16.46
16.41
16.4
16.35
16.27
16.4
16.345
16.37
16.375
16.42
16.42
16.33
16.28
16.33
16.31
16.3076
16.29
16.29
16.36
16.36
16.29
16.3
16.275
16.305
16.3
16.3635
16.39
16.44
16.44
16.4261
16.5
16.4546
16.44
16.42
16.42
16.47
16.41
16.415
16.405
16.39
16.36
16.32
16.31
16.295
16.34
16.34
16.34
16.32
16.3
16.315
16.32
16.28
16.28
16.28
16.3
16.37
16.3501
16.36
16.35
16.39
16.38
16.37
16.405
16.42
16.405
16.42
16.41
16.424
16.43
16.42
16.405
16.42
16.41
16.42
16.44
16.425
16.45
16.45
16.435
16.42
16.415
16.34
16.295
16.285
16.3
16.275
16.28
16.255
16.3
16.33
16.325
16.325
16.31
16.315
16.31
16.285
16.3
16.28
16.27
16.29
16.275
16.28
16.27
16.29
16.3
16.295
16.3
16.32
16.31
16.285
16.3
16.295
16.31
16.36
16.39
16.37
16.33
16.34
16.32
16.35
16.36
16.3567
16.34
16.35
16.35
16.35
16.34
16.35
16.4
16.4
16.415
16.4
16.39
16.38
16.4
16.37
16.32
16.34
16.35
16.38
16.41
16.425
16.44
16.45
16.44
16.455
16.44
16.46
16.4401
16.425
16.41
16.36
16.37
16.38
16.35
16.3
16.305
16.31
16.355
16.38
16.41
16.39
16.39
16.39
16.415
16.425
16.42
16.42
16.41
16.45
16.43
16.43
16.47
16.48
16.515
16.56
16.6
16.59
16.58
16.63
16.6
16.61
16.58
16.59
16.64
16.61
16.61
16.62
16.65
16.67
16.69
16.665
16.66
16.65
16.65
16.64
16.61
16.63
16.59
16.56
16.55
16.55
16.565
16.55
16.54
16.55
16.565
16.55
16.515
16.4703
16.48
16.52
16.54
16.52
16.54
16.54
16.54
16.51
16.52
