16.86
16.8
16.79
16.795
16.92
16.965
16.85
16.87
16.87
16.89
16.76
16.79
16.77
16.84
16.77
16.7282
16.78
16.8
16.71
16.74
16.78
16.79
16.795
16.74
16.7
16.7022
16.66
16.65
16.68
16.69
16.62
16.68
16.693
16.67
16.71
16.61
16.57
16.535
16.56
16.51
16.48
16.44
16.44
16.45
16.43
16.44
16.45
16.54
16.48
16.51
16.46
16.51
16.5
16.495
16.48
16.52
16.5402
16.5403
16.525
16.55
16.54
16.57
16.56
16.59
16.615
16.59
16.6127
16.61
16.61
16.5955
16.6
16.59
16.6
16.57
16.59
16.5601
16.57
16.59
16.59
16.62
16.62
16.58
16.61
16.59
16.57
16.57
16.55
16.56
16.51
16.53
16.51
16.5
16.51
16.5
16.47
16.46
16.4
16.41
16.38
16.41
16.385
16.39
16.35
16.3
16.33
16.33
16.33
16.35
16.33
16.3673
16.36
16.36
16.36
16.36
16.38
16.355
16.39
16.36
16.34
16.36
16.35
16.34
16.39
16.38
16.38
16.39
16.39
16.35
16.363
16.38
16.38
16.35
16.36
16.36
16.38
16.33
16.365
16.34
16.34
16.34
16.34
16.36
16.365
16.34
16.3
16.28
16.3
16.3
16.28
16.29
16.29
16.29
16.32
16.305
16.27
16.289
16.27
16.26
16.26
16.28
16.28
16.28
16.26
16.26
16.24
16.27
16.235
16.21
16.22
16.23
16.23
16.2405
16.2601
16.26
16.255
16.26
16.21
16.21
16.19
16.155
16.16
16.15
16.17
16.2
16.2005
16.2
16.24
16.26
16.26
16.27
16.2822
16.3
16.31
16.33
16.32
16.305
16.34
16.33
16.28
16.27
16.25
16.26
16.28
16.26
16.26
16.26
16.27
16.28
16.28
16.295
16.295
16.29
16.29
16.3
16.28
16.295
16.315
16.32
16.315
16.32
16.32
16.35
16.36
16.36
16.4
16.42
16.45
16.44
16.42
16.42
16.43
16.44
16.445
16.45
16.45
16.44
16.44
16.49
16.52
16.535
16.55
16.54
16.54
16.55
16.53
16.59
16.62
16.64
16.63
16.64
16.63
16.6
16.61
16.595
16.61
16.62
16.63
16.62
16.62
16.64
16.65
16.68
16.71
16.69
16.66
16.645
16.69
16.6876
16.69
16.69
16.685
16.73
16.72
16.7
16.715
16.71
16.69
16.705
16.71
16.71
16.73
16.74
16.755
16.76
16.755
16.76
16.71
16.72
16.74
16.71
16.7
16.71
16.745
16.72
16.73
16.7201
16.72
16.72
16.73
16.76
16.76
16.77
16.78
16.775
16.76
16.76
16.74
16.75
16.78
16.805
16.79
16.8
16.81
16.825
16.81
16.8025
16.8
16.81
16.85
16.85
16.86
16.83
16.85
16.84
16.86
16.91
16.88
16.89
16.92
16.91
16.92
16.97
16.95
16.965
16.94
16.96
16.97
17.0
16.99
17.005
17.04
17.05
17.015
17.04
17.055
17.07
17.08
17.055
17.05
17.0496
17.03
17.03
17.02
16.965
16.96
16.945
16.955
16.99
16.96
16.94
16.93
16.89
16.95
16.94
16.93
16.94
16.97
16.955
16.96
16.955
16.96
16.945
16.925
16.84
16.82
16.84
16.81
16.845
16.795
16.83
16.825
16.865
16.89
16.89
