40.0
40.625
40.25
40.18
40.09
40.24
40.07
39.98
39.94
40.16
40.26
40.16
40.16
39.9
39.89
39.86
39.96
40.04
40.22
40.11
39.96
40.03
39.98
40.005
40.1
40.13
40.09
40.21
40.13
40.13
40.28
40.18
40.12
40.13
40.22
40.3
40.3254
40.41
40.32
40.39
40.35
40.4102
40.4
40.39
40.42
40.4025
40.415
40.44
40.46
40.42
40.43
40.42
40.52
40.48
40.43
40.38
40.34
40.3485
40.32
40.36
40.45
40.5
40.41
40.36
40.32
40.28
40.28
40.26
40.15
40.19
40.1
40.21
40.23
40.3
40.27
40.21
40.15
40.06
40.11
40.12
40.09
40.14
40.16
40.09
40.07
39.96
39.96
39.99
40.05
40.03
39.99
39.88
39.77
39.84
39.84
39.87
39.84
39.88
39.99
40.02
40.0
39.96
39.92
39.89
39.95
39.93
39.99
39.99
39.97
39.91
39.9
39.9
39.86
39.83
39.84
39.81
39.79
39.85
39.82
39.82
39.89
39.89
39.95
39.995
40.18
40.2
40.245
40.28
40.22
40.25
40.26
40.26
40.23
40.235
40.1
40.12
40.065
40.06
40.0
40.03
40.01
39.96
39.96
40.0
40.03
40.05
40.09
40.12
39.99
39.99
40.03
40.03
40.05
40.07
40.04
40.06
40.06
40.0
39.99
40.04
40.1
40.1
40.07
40.085
40.05
40.03
40.06
40.11
40.12
40.16
40.175
40.23
40.21
40.22
40.23
40.24
40.31
40.245
40.26
40.235
40.175
40.19
40.2
40.24
40.17
40.2
40.23
40.23
40.25
40.24
40.245
40.23
40.21
40.22
40.23
40.25
40.24
40.3
40.29
40.29
40.21
40.15
40.16
40.14
40.07
40.11
40.14
40.09
40.04
40.03
40.02
40.03
40.07
40.04
40.0225
40.0
40.02
40.02
40.02
40.06
40.08
40.05
40.01
39.96
39.952
39.95
39.99
40.035
40.0
39.99
40.0
40.0
39.98
39.99
40.02
40.025
40.0
40.08
40.045
40.06
40.0
40.02
39.99
40.02
39.965
39.96
39.95
39.95
39.9
39.93
39.93
39.92
39.93
39.93
39.935
39.99
40.01
40.08
40.12
40.12
40.05
40.03
40.02
40.03
39.98
39.91
39.86
39.82
39.86
39.825
39.86
39.845
39.89
39.87
39.9
39.87
39.8
39.805
39.87
39.895
39.95
39.95
39.97
39.97
39.97
39.98
