24.2
24.6988
24.02
24.475
24.5
24.3284
24.04
24.11
24.04
23.96
23.8
24.02
23.8
23.79
23.98
23.93
23.88
23.93
24.0
23.9453
24.24
24.18
24.16
24.04
24.15
24.12
24.11
24.1
24.11
24.1005
24.2132
24.12
24.16
24.23
24.2728
24.15
24.105
24.03
23.95
23.85
23.89
23.83
23.85
23.91
23.81
23.91
24.0334
23.998
24.17
24.26
24.22
24.12
24.2763
24.2815
24.27
24.23
24.3098
24.315
24.42
24.3846
24.48
24.274
24.24
24.165
24.15
24.175
24.15
24.08
24.13
24.14
24.0
24.06
24.06
23.84
23.875
23.82
23.685
23.95
23.72
23.985
23.74
24.02
24.0
24.02
24.1396
23.95
23.98
23.93
23.98
23.88
23.9898
23.965
23.87
23.8601
23.93
23.95
23.9466
23.955
23.99
23.99
24.13
24.07
24.0505
24.09
24.05
24.19
24.11
24.105
24.15
24.09
24.23
24.16
24.21
24.13
24.101
24.12
24.13
24.13
24.145
24.09
24.1102
24.1
24.155
24.13
24.145
24.17
24.205
24.36
24.339
24.38
24.32
24.26
24.35
24.35
24.395
24.29
24.36
24.4
24.42
24.35
24.41
24.36
24.3428
24.3427
24.34
24.365
24.3
24.34
24.43
24.37
24.4494
24.44
24.4
24.4254
24.35
24.33
24.36
24.34
24.36
24.33
24.35
24.31
24.38
24.35
24.301
24.3
24.32
24.36
24.37
24.4999
24.36
24.375
24.35
24.34
24.5
24.425
24.41
24.445
24.46
24.52
24.51
24.5
24.519
24.575
24.57
24.51
24.51
24.5
24.495
24.495
24.49
24.3502
24.3501
24.35
24.365
24.39
24.36
24.31
24.33
24.49
24.49
24.52
24.53
24.5423
24.59
24.59
24.59
24.59
24.52
24.6
24.63
24.64
24.61
24.66
24.58
24.65
24.61
24.63
24.72
24.74
24.815
24.8
24.94
24.98
24.83
24.84
24.71
24.6
24.71
24.735
24.82
24.735
24.81
24.83
24.67
24.83
24.83
24.8
24.7939
24.7
24.755
24.83
24.85
24.84
24.855
24.82
24.76
24.87
24.88
24.78
24.9279
24.91
24.9
24.93
24.965
24.99
24.96
24.9281
24.94
24.92
24.885
24.89
24.89
24.845
24.8799
24.83
24.925
24.87
24.86
24.905
24.89
24.99
24.99
25.0
24.99
25.005
25.03
25.02
25.05
25.0209
25.0
24.91
24.85
24.79
24.85
24.89
24.8995
24.97
24.93
24.83
24.81
24.81
