59.15
58.16
58.93
59.15
59.665
60.0
60.045
59.43
59.41
59.0
59.0
59.35
59.63
59.715
59.75
59.575
59.67
59.64
59.71
59.505
59.56
59.62
59.64
59.58
59.53
59.26
58.71
58.66
58.97
59.18
58.88
59.05
59.45
59.18
59.32
59.23
59.27
59.215
59.31
59.25
59.205
58.86
58.94
58.7
58.85
58.8
58.565
58.73
58.71
58.48
58.44
58.175
57.88
58.16
57.94
57.63
57.63
57.93
57.63
57.42
57.37
57.3
57.39
57.43
57.12
56.67
56.62
56.71
56.505
56.515
56.58
56.6
56.41
56.22
56.1
56.295
56.385
56.43
56.68
56.53
56.36
56.425
56.57
56.54
56.61
56.66
56.625
56.41
56.37
56.26
56.235
56.13
56.12
56.04
55.95
55.96
55.79
55.71
55.87
56.04
55.97
55.9784
55.96
56.01
56.15
56.065
56.0
56.03
55.93
56.25
56.52
56.68
56.97
56.82
57.105
57.125
56.97
57.22
57.305
57.19
57.3
57.13
57.12
57.1062
57.18
57.175
57.2
57.18
57.33
57.63
57.73
57.9
57.8
57.71
57.7
57.69
57.64
57.65
57.72
57.875
57.86
57.88
57.88
57.96
58.005
57.93
57.93
57.8995
57.97
57.86
57.98
57.97
58.05
58.08
58.17
58.17
58.175
58.145
58.02
57.9925
57.83
57.89
57.76
57.59
57.65
57.6
57.7
57.765
57.69
57.84
57.81
57.79
57.75
57.69
57.63
57.71
57.63
57.63
57.595
57.54
57.64
57.8
57.85
58.03
58.27
58.315
58.38
58.32
58.31
58.34
58.33
58.52
58.36
58.4
58.42
58.26
58.26
58.21
58.15
58.12
57.86
57.96
57.98
57.87
58.0
57.895
57.86
57.91
57.84
57.73
57.76
57.26
57.57
57.5543
57.655
57.6329
57.51
57.41
57.48
57.37
57.29
57.295
57.285
57.34
57.15
57.12
57.02
56.98
56.91
56.92
56.73
56.56
56.65
56.58
56.75
56.75
56.7001
56.72
56.48
56.55
56.565
56.75
56.8996
56.84
56.9
56.84
56.85
57.09
56.91
56.73
56.64
56.61
56.63
56.55
56.615
56.76
56.72
56.63
56.67
56.72
56.55
56.6
56.51
56.395
56.33
56.415
56.42
56.43
56.72
56.61
56.44
56.37
56.49
56.3
56.23
56.33
56.375
56.14
56.29
56.15
55.87
56.24
56.385
56.245
56.41
56.38
56.61
56.41
57.34
57.76
58.08
57.5
56.9746
57.115
56.98
57.02
57.16
57.11
57.02
57.09
57.21
57.575
57.55
57.52
57.52
57.26
56.925
56.88
56.84
57.02
57.08
57.17
57.255
57.3599
57.12
57.06
57.06
57.22
57.1114
57.24
57.595
57.74
57.63
57.58
57.695
57.725
57.81
57.725
57.725
57.725
57.83
58.0
57.885
57.58
57.58
57.63
57.71
57.845
57.77
57.89
57.66
57.94
57.93
57.77
57.97
57.81
57.785
57.92
57.815
57.93
57.77
57.86
57.87
57.81
57.77
57.85
57.755
57.755
57.765
57.96
57.83
57.82
57.77
57.77
57.695
57.81
57.77
57.83
57.77
57.77
57.77
57.84
57.87
58.0
58.0
57.88
57.89
57.82
57.77
57.73
57.79
57.73
57.755
57.745
57.64
57.74
57.755
57.74
57.84
57.82
57.86
58.05
58.28
58.17
58.21
58.33
58.34
58.31
58.15
58.0
57.99
57.87
58.03
57.88
57.85
58.06
57.98
57.85
57.73
57.755
57.75
57.84
57.93
57.92
57.97
57.98
58.06
57.96
57.965
57.861
57.77
57.755
57.86
57.88
57.84
57.76
57.62
57.75
57.76
57.74
57.88
57.7
57.7
57.7
57.72
57.8
57.76
57.73
57.71
57.68
57.67
57.665
57.67
57.62
57.7
57.75
57.695
57.77
57.77
57.755
57.755
57.81
57.745
57.765
57.8
57.82
57.76
57.85
57.795
57.86
57.78
57.795
57.735
57.78
57.95
57.94
57.995
57.91
58.0
58.05
58.39
57.96
57.87
57.96
57.9
57.97
58.04
58.08
58.0
58.05
57.99
58.0
58.05
57.98
58.04
58.09
58.15
58.17
58.08
58.04
58.01
58.05
58.04
58.0
58.0
57.99
58.04
58.1
58.07
58.02
58.005
57.97
57.98
57.98
58.06
58.1
58.1374
58.26
58.31
58.215
58.23
58.2
58.18
58.18
58.28
58.25
58.45
58.31
58.265
58.3
58.35
58.34
58.25
58.0
57.97
57.96
57.77
57.69
57.77
57.65
57.78
57.825
57.81
57.8324
57.81
57.835
57.83
57.84
57.9
58.08
57.97
57.92
57.895
58.025
57.97
57.965
58.02
58.14
57.915
58.01
61.0
61.0
59.5001
59.5
57.99
58.0
59.0
58.45
59.0
58.96
60.27
59.16
58.3038
58.1701
59.17
58.6693
59.79
59.9875
60.3614
61.17
61.39
61.215
61.99
61.9445
62.13
62.89
62.7
63.01
63.315
63.65
63.6
63.05
62.6063
63.225
63.46
63.02
62.64
62.6091
62.8
62.46
62.995
63.52
63.23
63.295
63.0
62.7797
62.9317
63.18
63.24
63.18
63.17
63.53
62.92
62.45
62.9
63.11
62.88
62.755
62.79
63.0
63.23
63.45
63.28
63.48
63.34
63.33
63.145
62.79
62.85
63.0
62.815
62.72
62.72
62.92
62.92
63.0
63.0
63.01
62.95
62.99
62.99
63.04
62.89
62.86
62.85
62.675
62.675
62.82
63.0
62.875
62.89
62.87
62.52
62.3378
62.28
62.09
62.43
62.64
63.4537
63.16
63.01
63.08
63.19
62.96
62.97
62.98
63.11
63.28
63.35
63.5
64.01
63.95
63.72
63.72
63.89
64.2
63.8
63.828
63.81
63.875
63.7
63.65
63.7
63.75
63.965
63.97
63.84
63.8
63.58
63.38
63.1695
62.79
62.83
62.82
62.97
62.98
62.82
62.825
62.74
62.73
62.86
62.9
62.88
62.75
62.905
62.97
63.015
62.83
63.02
62.89
62.95
62.97
62.89
62.925
62.77
62.88
62.97
63.13
63.315
63.38
63.285
63.285
63.475
63.43
63.39
63.525
63.69
63.11
63.23
62.99
63.29
63.27
63.26
63.09
63.21
63.27
63.14
63.345
63.17
63.26
63.12
63.26
63.33
63.29
63.3
63.33
63.32
63.21
63.43
63.48
63.6
63.4901
62.99
62.81
62.955
62.39
62.76
62.79
62.92
62.75
62.98
62.99
63.06
63.235
63.0
62.87
63.02
63.0
62.82
62.75
62.82
63.0
62.965
63.03
62.96
62.97
62.9
62.97
62.93
63.02
63.175
63.185
63.18
63.58
63.66
63.68
63.88
64.035
64.12
63.8
63.79
63.8
63.81
63.84
63.71
64.02
63.83
64.0
64.29
64.25
64.07
63.91
64.04
64.06
64.45
64.52
64.68
64.54
64.65
64.52
64.5
64.56
64.59
64.66
64.38
64.2825
64.0
63.92
64.03
63.93
63.95
63.89
63.86
64.09
64.18
64.38
64.11
64.25
64.33
64.325
63.88
64.01
64.075
64.2
63.99
63.65
63.5234
63.56
63.85
64.13
64.2
64.33
64.43
64.39
64.3
64.4
64.56
64.37
64.43
64.46
64.45
64.57
64.5
64.61
64.51
64.51
64.205
64.39
64.45
64.605
64.47
64.45
64.49
64.76
64.86
64.9
64.8
64.86
65.175
65.1
65.08
64.88
64.81
65.17
65.165
65.02
65.13
65.315
65.21
64.91
64.95
64.75
65.09
65.26
64.38
64.62
64.38
63.97
63.38
63.46
64.06
64.025
64.25
64.1
64.25
64.36
64.285
63.9
64.115
64.045
64.12
63.8987
63.8
63.98
64.03
63.84
63.73
63.73
63.8625
63.725
63.59
63.69
63.61
63.47
63.12
63.34
63.07
63.07
63.12
63.08
63.16
63.12
63.37
63.47
63.4
63.335
63.35
63.4817
63.455
63.38
63.46
63.55
63.69
64.04
64.13
64.23
64.07
64.025
64.13
64.585
64.58
64.76
64.64
64.93
64.84
64.585
64.81
64.97
64.89
64.75
64.91
64.9
65.0
64.91
64.925
64.86
64.91
65.105
64.98
64.98
64.98
64.92
65.0
64.9
64.99
64.93
65.0
64.9
64.88
64.84
64.78
64.63
64.35
64.41
64.4
64.5299
64.33
64.19
64.19
64.3
64.24
64.16
64.24
63.96
63.72
63.68
63.605
63.67
63.52
63.34
63.425
63.35
63.535
63.57
63.49
63.37
63.27
63.15
63.24
63.12
63.16
63.13
63.11
62.995
62.91
62.89
62.95
62.98
63.05
62.88
62.905
63.03
63.0293
63.14
63.19
63.19
63.14
63.14
63.17
63.19
63.17
63.17
63.13
63.165
63.05
63.025
63.015
62.82
62.88
62.94
63.005
63.025
63.08
63.07
63.0
62.97
63.0
62.94
62.82
63.01
62.95
63.0
62.99
63.0
62.86
62.76
62.82
62.54
62.33
62.11
62.12
62.25
62.35
62.4
62.49
62.17
62.19
62.3
62.05
61.9
62.0922
62.11
62.01
62.06
61.99
62.13
61.63
61.64
61.69
61.825
61.84
61.82
61.81
61.89
61.86
61.94
61.96
62.12
62.15
62.2045
62.24
62.28
62.43
62.34
62.27
62.16
62.06
62.04
62.0
61.93
61.92
61.93
62.1
62.22
62.12
62.085
62.225
62.19
62.25
62.3
62.29
62.51
62.51
62.61
62.6
62.59
62.52
62.48
62.62
62.66
62.56
62.59
62.52
62.635
62.68
62.595
62.61
62.58
62.75
62.69
62.7
62.65
62.68
62.71
62.79
62.5901
62.47
62.58
62.725
62.7
62.74
64.09
63.805
64.59
63.93
64.64
64.68
64.39
64.06
63.92
64.01
63.81
63.6
63.39
62.79
62.42
62.48
62.09
62.38
62.1059
61.9446
61.63
61.75
61.75
61.96
61.63
61.66
61.34
61.17
61.41
61.33
61.32
61.31
61.26
61.36
61.52
61.69
61.66
61.66
61.52
61.7
61.77
61.8
61.57
61.65
61.3
61.39
61.58
61.81
61.58
61.26
61.52
61.52
61.68
61.58
61.62
61.48
61.51
61.61
61.62
61.85
61.87
61.97
62.075
62.13
62.2
62.09
62.21
62.18
61.94
61.94
61.99
61.74
61.775
61.8
61.57
61.68
61.49
61.42
61.3
61.14
61.0
61.01
60.97
60.89
60.86
60.65
60.7
60.58
60.51
60.64
60.62
60.6
60.68
60.67
60.7392
60.65
60.6
60.81
60.585
60.635
60.79
60.48
60.685
60.63
60.715
60.79
60.62
60.53
60.45
60.62
60.71
60.97
61.01
61.0
60.965
61.0
61.02
60.955
61.0
60.98
60.96
61.11
61.17
61.32
61.385
61.495
61.58
61.55
61.64
61.41
61.13
61.07
61.12
61.11
60.67
61.1575
61.16
60.77
60.78
60.73
60.73
60.72
60.615
60.57
60.77
60.715
60.74
60.68
60.61
60.6383
60.61
60.63
60.77
60.76
60.84
60.82
60.89
60.87
60.86
60.97
61.05
61.03
61.0
61.07
61.06
61.2
61.2
61.22
61.08
61.06
61.08
61.13
61.2
61.235
61.25
61.28
61.32
61.34
61.23
61.23
61.07
61.16
61.36
61.27
61.27
61.27
59.02
60.12
59.61
59.17
58.87
59.03
59.42
59.13
59.32
59.28
58.935
58.94
59.07
59.43
59.41
59.5
59.36
59.37
59.52
59.19
59.0318
59.16
58.93
59.0
58.97
59.04
58.77
58.73
58.63
58.78
58.7
58.62
58.85
58.81
58.7
58.58
58.66
58.595
58.72
58.62
58.4022
58.275
58.34
58.21
58.13
58.27
58.2824
58.21
58.1463
58.28
58.27
58.205
58.075
58.19
58.19
58.23
58.27
58.53
58.69
58.64
58.44
58.5
58.33
58.43
58.55
58.44
58.54
58.49
58.41
58.45
58.59
58.46
58.21
58.21
58.1
58.04
57.58
57.785
57.72
57.57
57.71
57.77
57.71
57.5875
57.74
57.81
57.78
57.81
57.81
57.745
57.82
57.9
57.875
58.0
58.0
58.0
57.98
58.08
58.13
58.06
57.925
57.92
58.0
57.975
57.9
57.92
57.92
57.83
57.79
57.9
57.87
57.89
57.83
57.87
57.89
57.965
58.005
57.89
57.85
57.74
57.84
57.79
57.73
57.76
57.71
57.644
57.49
57.47
57.46
57.365
57.4
57.31
57.31
57.36
57.385
57.4325
57.46
57.45
57.3925
57.43
57.46
57.38
57.44
57.4
57.32
57.43
57.365
57.42
57.42
57.37
57.29
57.37
57.37
57.39
57.345
57.385
57.305
57.275
57.485
57.345
57.425
57.39
57.53
57.585
57.88
58.08
58.04
58.04
58.05
57.98
58.0
58.005
57.875
57.79
57.84
57.76
57.815
57.75
57.81
57.75
57.73
57.84
57.815
57.69
57.78
57.74
57.72
57.62
57.65
57.64
57.64
57.67
57.61
57.7
57.75
57.69
57.74
57.69
57.66
57.72
57.49
57.51
57.55
57.5
57.46
57.31
57.3649
57.35
57.27
57.24
57.01
57.065
57.035
57.0301
57.06
57.05
57.16
57.08
57.07
57.125
57.11
57.12
57.2
57.4299
57.41
57.55
57.61
57.46
57.48
57.74
57.83
58.04
57.93
57.93
57.89
57.84
57.83
57.71
57.68
57.8399
57.64
57.6
57.61
57.53
57.5
57.6
57.57
57.57
58.46
57.237
57.371
57.3
57.3983
57.35
57.6
57.71
57.73
57.805
57.555
57.37
57.37
57.44
57.45
57.34
57.43
57.41
57.27
57.05
56.97
57.05
57.17
57.14
56.94
56.71
56.73
56.78
56.8
56.66
56.75
56.88
57.17
57.07
57.17
57.3
57.11
56.99
57.085
57.28
57.17
57.19
57.11
57.11
57.13
57.13
57.26
57.22
57.3
57.36
57.44
57.45
57.46
57.43
57.635
57.57
57.56
57.54
57.54
57.36
57.42
57.39
57.35
57.3164
57.36
57.41
57.44
57.39
57.31
57.445
57.33
57.38
57.29
57.27
57.01
57.01
57.05
56.96
57.065
56.96
56.94
56.82
56.96
57.085
57.05
57.13
57.12
57.21
57.215
57.26
57.2
57.255
57.32
57.31
57.41
57.43
57.4
57.43
57.33
57.33
57.23
57.24
57.18
57.21
57.11
57.01
57.03
57.0
57.075
56.96
57.01
56.99
57.11
57.06
56.98
57.06
57.04
57.09
57.2
57.31
57.17
57.15
57.14
57.145
57.04
57.12
57.14
57.23
57.23
57.45
57.4
57.375
57.27
57.3
57.3
57.33
57.22
57.2
57.1925
57.24
57.23
57.22
57.26
57.16
57.26
57.33
57.33
57.17
57.32
57.24
57.41
57.44
57.81
58.0325
57.945
57.9421
57.95
58.0
58.065
58.11
58.09
58.055
58.025
57.94
57.98
57.88
57.84
57.91
57.75
57.72
57.69
57.75
57.65
57.65
57.64
57.62
57.53
57.53
57.54
57.48
57.45
57.53
57.4625
57.51
57.66
57.65
57.75
57.86
57.87
57.81
57.85
57.96
57.92
57.92
57.92
57.98
57.96
57.88
57.91
57.83
57.83
57.77
57.77
57.68
57.62
57.66
57.81
57.705
57.68
57.77
57.66
57.735
57.65
57.75
57.72
57.62
57.62
57.695
57.77
57.765
57.81
57.82
57.8625
57.88
58.04
58.06
58.1
58.08
58.21
58.1
58.15
58.11
58.1
58.02
57.965
58.25
58.31
58.24
58.24
58.35
58.53
58.54
58.49
58.53
58.44
58.57
58.5
58.47
58.465
58.475
58.47
58.45
58.5
58.61
58.6498
58.67
58.66
58.79
58.85
58.8
58.74
58.65
58.75
58.83
58.75
58.77
58.875
58.795
58.775
58.99
59.16
59.06
59.01
58.94
59.16
58.99
58.98
58.8
60.01
60.32
60.12
60.31
60.49
60.53
60.73
60.54
60.63
60.62
60.45
60.63
60.26
60.46
60.41
60.24
60.21
60.23
60.22
60.26
60.27
60.05
59.95
60.35
60.37
60.19
59.94
60.08
60.11
60.115
60.14
60.17
60.19
60.05
60.07
60.09
60.02
60.05
60.03
60.05
60.02
59.92
60.055
60.095
60.23
60.3217
60.1
60.15
60.195
60.14
60.17
60.28
60.1416
60.2195
60.16
60.25
60.015
60.1
60.095
60.08
60.13
60.12
60.23
60.09
60.06
59.99
59.97
60.06
60.0216
60.0497
60.1171
60.0556
60.08
60.22
60.03
60.11
60.14
60.145
60.065
60.13
60.17
60.18
60.12
60.13
60.2
60.16
60.29
60.27
60.18
60.085
60.15
60.15
60.04
60.18
60.09
60.095
60.11
60.085
60.08
59.945
60.07
59.95
60.02
60.16
60.28
60.39
60.62
60.485
60.53
60.6
60.6
60.63
60.51
60.45
60.64
60.585
60.49
60.45
60.43
60.47
60.52
60.57
60.67
60.51
60.67
60.68
60.665
60.73
60.76
60.92
60.95
61.03
60.93
60.92
60.81
60.865
60.95
60.92
61.05
60.92
60.97
60.93
60.98
61.17
61.42
61.37
61.33
61.44
61.33
61.3599
61.41
61.43
61.475
61.51
61.505
61.49
61.48
61.54
61.47
61.37
61.41
61.425
61.47
61.54
61.51
61.595
61.67
61.625
61.665
61.7
61.795
61.77
61.7101
61.7701
61.85
61.8762
61.81
61.9
61.84
62.01
61.92
61.89
61.865
61.85
61.75
61.72
61.83
61.87
62.0
62.0
60.81
60.9066
60.86
61.345
61.62
61.33
60.82
61.035
60.88
60.7
60.36
60.33
60.275
60.14
60.145
60.23
59.855
59.84
60.04
60.09
60.075
59.88
60.0942
59.91
59.88
59.99
60.17
60.44
60.32
60.61
60.53
60.82
60.95
60.8
61.18
61.055
61.21
61.19
61.145
61.15
61.23
61.245
61.23
61.29
61.38
61.41
61.35
61.35
61.455
61.43
61.6
61.68
61.595
61.56
61.45
61.55
61.58
61.61
61.57
61.64
61.54
61.5
61.64
61.56
61.61
61.48
61.56
61.5
61.55
61.56
61.545
61.541
61.5
61.58
61.57
61.62
61.54
61.36
61.295
61.2
61.41
61.36
61.345
61.42
61.45
61.425
61.42
61.515
61.33
61.27
61.33
61.33
61.095
61.0386
61.19
61.235
61.07
61.13
61.33
61.56
61.375
61.55
61.49
61.48
61.46
61.43
61.44
61.465
61.49
61.47
61.34
61.165
61.31
61.36
61.35
61.385
61.38
61.335
61.35
61.29
61.345
61.365
61.26
61.17
61.13
61.08
61.08
61.03
61.01
61.07
61.185
61.216
61.11
61.13
61.285
61.32
61.3
61.26
61.255
61.175
61.19
61.25
61.23
61.13
61.285
61.28
61.34
61.43
61.37
61.39
61.24
61.2
61.215
61.14
61.15
61.14
61.235
61.255
61.13
60.99
61.12
61.19
61.22
61.27
61.25
61.245
61.42
61.335
61.525
61.59
61.57
61.61
61.66
61.64
61.725
61.76
61.72
61.71
61.74
61.77
61.78
61.77
61.76
61.79
61.82
61.82
61.76
61.745
61.78
61.76
61.73
61.67
61.66
61.495
61.45
61.525
61.6
61.62
61.55
61.585
61.47
61.62
61.53
61.54
60.7118
59.8
59.34
59.77
59.79
60.25
60.52
60.55
60.27
60.65
60.88
61.4
61.41
61.77
62.11
61.59
62.09
61.97
61.41
61.68
61.84
61.82
61.79
62.15
61.71
62.2
61.845
61.95
62.19
62.19
62.1
61.98
62.09
62.06
62.06
61.965
61.95
62.0
62.04
62.11
62.11
62.05
62.03
62.66
62.62
62.33
62.19
62.21
62.39
62.42
62.37
62.43
62.209
62.02
61.71
61.66
61.46
61.3
61.2
61.08
60.88
61.16
61.4289
61.42
61.08
61.18
61.12
61.1
61.39
61.27
61.1
61.12
61.08
60.91
60.98
60.98
61.28
61.28
61.14
61.295
61.325
61.325
61.335
61.335
61.46
61.47
61.49
61.37
61.285
61.22
61.32
61.24
61.23
61.305
61.29
61.225
61.38
61.415
61.41
61.29
61.35
61.35
61.28
61.34
61.45
61.35
61.21
61.3
61.12
61.08
60.93
60.73
61.1
61.19
61.02
60.92
60.7
60.7
60.825
60.805
60.75
60.905
60.73
60.64
60.575
60.59
60.51
60.55
60.66
60.89
60.9
60.9
60.81
60.79
60.88
61.15
61.24
60.9
60.61
60.6
60.49
60.25
60.57
60.6
60.7
60.695
60.69
60.84
60.85
60.9
60.705
60.98
60.86
60.97
61.08
61.13
61.15
61.04
61.08
61.06
60.99
61.03
60.98
61.03
61.05
61.11
61.08
61.105
61.245
61.22
61.24
61.24
61.29
61.5
61.48
61.5
61.52
61.495
61.56
61.56
61.59
61.495
61.52
61.58
61.57
61.475
61.465
61.52
61.5
61.465
61.37
61.54
62.7
61.74
61.7
61.69
61.7
61.66
60.96
60.81
60.72
60.59
60.79
60.905
61.01
60.99
60.99
61.19
61.34
61.46
61.5
61.465
61.43
61.26
61.355
61.25
61.25
61.26
61.18
61.21
61.37
61.37
61.265
61.255
61.18
61.16
61.19
61.28
61.21
61.175
61.425
61.515
61.66
61.66
61.67
61.66
61.56
61.57
61.66
61.64
61.695
61.72
61.69
61.75
61.75
61.81
61.77
61.54
61.58
61.47
61.47
61.6
61.5
61.61
61.49
61.49
61.56
61.55
61.63
61.55
61.44
61.51
61.555
61.51
61.45
61.28
61.31
61.34
61.2
61.175
61.24
61.31
61.265
61.34
61.38
61.46
61.59
61.71
61.79
61.77
61.765
61.72
61.65
61.62
61.43
61.51
61.58
61.5
61.435
61.52
61.57
61.54
61.48
61.43
61.57
61.68
61.64
61.675
61.55
61.56
61.58
61.5366
61.555
61.61
61.61
61.57
61.52
61.53
61.47
61.52
61.67
61.715
61.695
61.66
61.48
61.6625
61.62
61.665
61.66
61.71
61.76
61.78
61.83
61.8
61.72
61.76
61.79
61.69
61.67
61.73
61.75
61.73
61.68
61.72
61.705
61.735
61.74
61.77
61.75
61.71
61.7
61.745
61.67
61.67
61.68
61.63
61.63
61.62
61.55
61.56
61.51
61.35
61.36
61.25
61.3
61.11
61.13
61.06
60.73
61.66
61.21
61.3
61.6
62.2
61.82
61.8941
61.84
62.49
62.52
62.81
62.695
62.49
62.67
62.37
62.24
62.13
62.24
61.93
61.775
61.9
61.785
61.7
61.795
61.74
61.68
61.87
61.92
62.02
62.23
62.13
62.1
62.11
62.09
62.04
61.92
62.18
62.09
62.13
62.11
62.015
62.08
62.09
62.09
62.11
62.25
62.58
62.44
62.61
62.61
62.51
62.68
62.47
62.36
62.46
62.67
62.26
62.09
61.67
61.2056
62.04
61.49
62.0
61.78
61.74
61.995
62.18
62.21
62.07
61.92
62.01
62.25
62.25
62.29
62.005
62.08
62.02
62.24
61.87
61.63
61.91
61.83
61.95
61.92
61.92
61.94
61.89
61.84
61.71
61.79
61.81
61.75
61.72
61.75
61.65
61.73
61.85
61.76
61.865
61.73
61.73
61.62
61.7
61.68
61.78
61.71
61.72
61.87
61.91
61.83
62.03
62.1
62.3
62.43
62.45
62.34
62.25
62.2
62.2
62.14
62.14
62.05
62.05
62.0
61.99
61.99
61.88
61.845
61.77
61.82
61.82
61.9
62.095
62.03
62.13
62.18
62.22
62.42
62.41
62.19
62.305
62.15
62.15
62.11
61.96
61.82
61.77
61.67
61.92
61.85
61.86
61.92
62.03
61.8
61.87
62.0
62.36
61.2688
61.97
62.235
62.37
62.39
62.3
62.8
62.91
63.09
63.06
62.93
62.81
62.4507
62.37
62.46
62.49
62.41
62.29
62.3002
62.33
62.58
62.55
62.57
62.51
62.49
62.42
62.56
62.33
62.48
62.49
62.21
62.28
62.37
62.42
62.305
62.31
62.39
62.41
62.31
62.34
62.435
62.52
62.52
62.38
62.3
62.3
62.41
62.4
62.29
62.31
62.31
62.31
62.275
62.35
62.31
62.25
62.06
62.14
62.14
62.015
62.08
62.05
62.1
62.01
62.09
62.0
62.12
62.08
62.105
62.25
62.35
62.31
62.3
62.28
62.245
62.15
62.13
62.12
62.16
62.2
62.15
62.24
62.33
62.34
62.36
62.34
62.39
62.41
62.39
62.365
62.43
62.33
62.43
62.44
62.5
62.5
62.44
62.5
62.74
63.13
63.3
63.49
63.35
63.41
63.42
63.35
63.28
63.31
63.17
63.21
63.19
63.16
63.2
63.33
63.32
63.31
63.25
63.29
63.415
63.49
63.53
63.4
63.32
63.3
63.3
63.33
63.29
63.33
63.175
63.27
63.28
63.31
63.35
63.34
63.28
63.3
63.27
63.25
63.2
63.27
63.33
63.36
63.37
63.41
63.45
63.42
63.4
63.4
63.46
63.41
63.29
63.24
63.12
63.21
63.225
63.22
63.26
63.11
63.07
63.17
63.17
