78.85
78.548
78.465
78.81
78.61
78.305
78.57
78.47
78.385
78.14
78.41
78.58
78.11
77.8
78.05
77.7596
77.675
78.0
78.03
78.29
78.21
78.23
78.015
78.26
78.135
78.33
78.5
78.28
78.21
78.38
78.435
78.365
78.54
78.42
78.39
78.64
78.895
78.875
78.8
79.13
78.975
79.11
79.015
79.09
79.17
79.13
79.34
79.41
79.6
79.395
79.27
79.23
79.49
79.205
79.05
79.055
79.01
79.035
79.09
79.04
79.205
79.005
78.77
78.57
78.74
78.685
78.755
78.85
78.935
79.135
79.2
79.09
79.17
79.3
79.3
79.27
79.41
79.14
79.21
79.18
79.24
79.26
79.32
79.225
79.265
78.99
79.14
79.08
78.86
79.05
79.065
79.125
79.215
79.17
79.08
79.08
79.0801
79.15
79.17
79.135
79.1
79.16
79.11
79.16
79.25
79.25
79.45
79.34
79.24
79.05
79.01
79.1
79.05
79.1
79.14
79.14
79.05
78.965
78.995
78.97
79.09
78.6
78.695
78.775
78.87
78.735
78.725
78.77
78.76
78.775
78.71
78.645
78.68
78.78
78.84
78.87
78.96
78.99
79.025
79.02
79.17
79.26
79.34
79.71
79.835
79.71
79.84
79.93
79.93
79.985
79.98
79.98
79.91
79.98
79.97
80.1869
80.13
80.39
80.38
80.355
80.41
80.41
80.42
80.41
80.36
80.46
80.26
80.34
80.41
80.51
80.41
80.52
80.575
80.51
80.45
80.58
80.58
80.63
80.52
80.71
80.6
80.57
80.635
80.62
80.55
80.595
80.64
80.73
80.695
80.695
80.87
80.84
80.87
80.975
80.9
80.82
80.935
80.935
80.86
80.935
81.01
81.17
81.13
81.14
81.19
81.11
81.3
81.29
81.29
81.11
81.12
81.07
81.06
81.07
80.93
81.055
81.08
81.02
81.25
81.24
81.47
81.48
81.62
81.53
81.31
81.25
81.26
81.26
81.24
81.23
81.17
81.17
81.2
81.2
81.16
81.11
81.14
81.16
81.32
81.34
81.33
81.24
81.17
81.125
81.22
81.41
81.57
81.65
81.63
81.57
81.67
81.5
81.58
81.41
81.365
81.38
81.445
81.45
81.43
81.55
81.465
81.51
81.6
81.59
81.54
81.43
