17.1
17.09
17.06
16.96
17.22
17.24
17.18
17.2699
17.14
17.15
17.13
17.22
17.13
17.195
17.17
17.13
17.13
17.1504
17.12
17.11
17.06
17.06
17.01
17.04
17.03
17.02
17.015
16.92
16.96
16.9
16.91
17.04
17.04
17.03
17.04
17.01
17.01
16.98
16.98
16.99
16.96
17.01
17.04
17.02
17.02
17.04
17.0
17.0
16.97
17.005
17.05
17.06
17.09
17.04
17.07
17.02
17.03
17.03
17.04
17.03
17.03
17.01
17.06
17.06
17.02
17.0
16.99
17.02
16.96
16.95
16.99
16.97
16.93
16.93
16.91
16.91
16.91
16.9
16.91
16.91
16.86
16.85
16.88
16.9
16.92
16.94
16.93
16.95
16.96
16.955
16.97
16.92
16.95
16.93
16.94
16.95
16.91
16.93
16.93
16.94
16.96
16.97
16.95
16.94
16.95
16.95
16.94
16.95
16.96
16.95
16.9
16.92
16.93
16.94
16.91
16.91
16.92
16.93
16.91
16.9
16.88
16.89
16.88
16.88
16.91
16.91
16.93
16.92
16.9
16.91
16.93
16.92
16.92
16.92
16.92
16.89
16.9031
16.91
16.9
16.87
16.89
16.89
16.87
16.905
16.93
16.9338
16.93
16.89
16.9
16.86
16.89
16.89
16.9
16.915
16.93
16.925
16.925
16.94
16.94
16.97
16.95
16.95
16.95
16.95
16.95
16.94
16.95
16.97
16.96
16.97
16.96
16.93
16.94
16.97
16.99
17.0
16.99
17.02
17.02
17.03
17.06
17.07
17.085
17.07
17.07
17.11
17.07
17.09
17.09
17.12
17.12
17.12
17.11
17.13
17.15
17.12
17.15
17.16
17.14
17.15
17.13
17.13
17.13
17.15
17.16
17.17
17.17
17.16
17.17
17.19
17.25
17.22
17.215
17.2
17.23
17.22
17.21
17.21
17.2
17.25
17.23
17.25
17.24
17.22
17.23
17.22
17.23
17.23
17.25
17.23
17.24
17.22
17.22
17.19
17.2
17.21
17.23
17.23
17.23
17.23
17.235
17.25
17.251
17.24
17.25
17.2431
17.25
17.23
17.22
17.22
17.22
17.24
17.25
17.23
17.22
17.23
17.25
17.245
17.25
17.24
17.24
17.23
17.22
17.23
17.23
17.22
17.23
17.25
17.25
17.25
17.25
17.25
17.24
17.25
17.25
17.31
17.32
17.35
17.36
17.39
17.405
17.42
17.41
17.42
17.44
17.41
17.39
17.4
17.4
17.39
17.4
17.37
17.36
17.35
17.35
17.35
17.355
17.32
17.33
17.31
17.33
17.335
17.35
17.345
17.35
17.34
17.375
17.37
17.3883
17.35
17.34
17.25
17.23
17.235
17.22
17.22
17.17
17.2
17.19
17.19
17.25
17.24
