3.53
3.5899
3.5599
3.5302
3.56
3.6
3.5999
3.56
3.57
3.58
3.5799
3.53
3.54
3.6
3.53
3.5302
3.53
3.53
3.52
3.53
3.53
3.54
3.54
3.54
3.53
3.55
3.58
3.59
3.588
3.58
3.62
3.62
3.61
3.6085
3.6
3.6164
3.605
3.5999
3.5997
3.575
3.605
3.605
3.615
3.6
3.61
3.61
3.5801
3.591
3.6191
3.625
3.63
3.615
3.6
3.62
3.615
3.5971
3.6025
3.6
3.57
3.58
3.5885
3.57
3.58
3.56
3.545
3.52
3.53
3.53
3.5399
3.525
3.52
3.53
3.5244
3.515
3.5206
3.55
3.54
3.54
3.5301
3.555
3.565
3.5601
3.5589
3.5301
3.54
3.54
3.55
3.555
3.56
3.5542
3.57
3.56
3.56
3.585
3.57
3.575
3.57
3.5799
3.57
3.5703
3.586
3.59
3.59
3.58
3.56
3.561
3.55
3.55
3.55
3.56
3.56
3.55
3.5558
3.56
3.55
3.56
3.565
3.5501
3.53
3.52
3.51
3.5
3.51
3.51
3.515
3.505
3.505
3.5001
3.505
3.49
3.485
3.47
3.5
3.51
3.515
3.5099
3.505
3.5
3.505
3.48
3.49
3.49
3.4999
3.51
3.5014
3.5
3.51
3.4994
3.49
3.49
3.49
3.48
3.505
3.5199
3.5186
3.5163
3.52
3.51
3.509
3.51
3.515
3.515
3.515
3.51
3.515
3.52
3.51
3.515
3.515
3.5101
3.5136
3.5109
3.52
3.515
3.515
3.5099
3.5042
3.501
3.5001
3.51
3.5068
3.5
3.501
3.505
3.5
3.51
3.5
3.5
3.5
3.509
3.5
3.505
3.51
3.5
3.5043
3.505
3.51
3.5
3.51
3.505
3.502
3.5
3.5099
3.5
3.5
3.5098
3.51
3.515
3.515
3.5125
3.515
3.52
3.51
3.54
3.54
3.5428
3.55
3.545
3.54
3.54
3.55
3.541
3.545
3.545
3.54
3.54
3.54
3.54
3.53
3.54
3.55
3.54
3.54
3.545
3.545
3.55
3.545
3.5491
3.545
3.54
3.5325
3.535
3.5387
3.535
3.535
3.53
3.54
3.53
3.54
3.53
3.53
3.53
3.5307
3.535
3.531
3.53
3.54
3.535
3.5301
3.53
3.53
3.54
3.54
3.53
3.5358
3.54
3.545
3.57
3.55
3.5401
3.545
3.545
3.5401
3.541
3.545
3.555
3.58
3.575
3.5599
3.555
3.565
3.5699
3.57
3.5699
3.5501
3.56
3.57
3.565
3.5794
3.575
3.57
3.58
3.57
3.56
3.56
3.57
3.5709
3.57
3.57
3.575
3.58
3.5838
3.5933
3.595
3.5977
3.5899
3.5899
3.5999
3.6
3.595
3.6
3.5998
3.59
3.5901
3.5934
3.5962
3.5958
3.59
3.595
3.59
3.6
3.595
3.591
3.59
3.59
3.5991
3.59
3.5953
3.595
3.6
3.594
3.5902
3.59
3.5899
3.595
3.6
3.6
3.6
3.5998
3.59
3.63
3.6301
3.6396
3.6201
3.6299
3.615
3.6299
3.64
3.6487
3.6299
3.62
3.63
3.64
3.65
3.6496
3.635
3.6397
3.6398
3.635
3.64
3.6309
3.64
3.64
3.625
3.6399
3.6491
3.645
3.645
3.645
3.6458
3.6441
3.645
3.65
3.67
3.6601
3.66
3.66
3.65
3.6577
3.655
3.655
3.65
3.64
3.64
3.64
3.64
3.64
3.645
3.6392
3.63
3.6293
3.635
3.6399
3.66
3.665
3.6625
3.655
3.6692
3.66
3.6465
3.64
3.6201
3.61
3.61
3.61
3.6001
3.6
3.6004
3.605
3.625
3.61
