98.2
98.185
97.08
97.71
97.5983
97.84
97.99
98.76
98.75
98.37
98.655
98.72
98.91
99.45
99.03
99.66
100.15
100.48
101.31
101.235
101.11
101.08
100.6
100.78
100.79
101.37
101.5381
101.535
102.09
102.49
103.69
103.15
104.51
104.69
104.025
104.17
104.34
104.27
104.3
104.1852
104.43
104.19
104.15
103.825
104.085
103.86
103.97
103.67
103.37
103.4144
103.87
103.795
104.065
104.71
104.59
104.75
104.7
104.85
105.22
105.2595
104.925
105.0
105.13
104.96
105.15
105.03
104.81
104.77
105.0
105.04
105.15
105.25
105.37
105.38
105.51
105.52
105.255
105.29
105.52
105.65
105.65
105.615
105.6
105.67
105.67
105.87
105.86
105.84
105.85
106.29
106.42
106.25
106.44
105.99
106.035
105.645
105.86
106.05
105.71
105.725
105.785
105.585
105.7
105.53
105.475
105.54
105.78
105.59
105.53
105.645
105.93
105.745
105.95
105.83
105.13
104.92
104.77
104.805
105.01
104.915
105.14
105.085
104.74
104.35
104.14
103.99
103.89
103.92
104.188
104.4234
104.16
104.365
104.35
104.0
104.12
104.11
103.995
103.805
103.95
103.865
103.945
103.905
103.94
103.86
103.71
103.875
103.8654
103.96
103.82
103.775
103.51
103.43
103.231
103.21
103.12
103.13
103.27
103.21
103.19
103.365
103.715
103.745
103.675
103.58
103.48
103.565
103.43
103.31
103.27
103.28
103.09
103.21
103.29
103.44
103.36
103.3
103.44
103.31
103.15
103.1894
103.12
103.1
102.94
103.01
102.875
102.765
103.015
103.12
103.11
103.035
102.9211
102.91
102.91
102.9
102.9
103.03
102.875
103.06
102.98
103.08
103.4
103.3
103.49
103.46
103.38
103.38
103.3546
103.38
103.355
103.43
103.68
103.75
103.78
103.44
103.35
103.35
103.51
103.5
103.59
103.58
103.57
103.6775
103.51
103.3706
103.405
103.4149
103.28
103.43
103.56
103.53
103.8
104.01
103.98
104.04
104.09
104.02
103.88
103.76
103.77
103.87
103.89
103.68
103.7
103.77
103.68
103.605
103.59
103.65
103.6
103.74
103.6591
103.56
103.325
103.22
103.045
102.955
102.91
102.96
102.92
102.895
102.87
102.84
102.72
102.86
102.84
102.81
102.83
102.84
102.65
102.65
102.485
102.48
102.54
102.73
102.6779
102.55
102.66
102.74
102.64
102.55
102.66
102.5
102.52
102.48
102.485
102.45
102.48
102.4
102.33
102.34
102.31
102.1448
102.4
102.965
103.17
102.86
102.81
102.5025
102.46
102.46
102.4
102.56
102.57
102.52
102.655
102.7
102.59
102.58
102.6
102.63
102.48
102.16
102.18
102.14
102.18
102.1452
102.235
102.32
102.36
102.29
102.16
102.24
102.43
102.37
102.41
102.33
102.25
102.23
102.19
102.07
102.23
102.2
102.23
102.245
102.35
102.32
102.06
102.23
102.183
102.21
102.28
102.46
102.405
102.52
102.55
102.55
102.75
102.735
102.67
102.71
102.775
102.775
102.82
102.9376
102.89
103.09
102.91
102.97
102.905
102.93
102.945
102.86
102.77
103.02
102.78
103.08
103.13
103.045
102.98
102.94
102.85
102.76
102.7
102.71
102.65
102.48
102.34
102.33
102.27
102.18
101.84
101.565
101.46
101.27
101.58
101.65
101.89
101.82
101.98
101.78
101.78
101.78
101.78
101.78
101.78
101.78
101.0
