30.67
31.1495
31.06
30.9399
31.265
31.49
31.255
31.3058
31.32
31.205
31.0299
31.03
31.23
31.4383
31.4197
31.325
31.4534
31.4899
31.51
31.9408
31.8585
31.929
32.0921
32.07
32.0282
32.013
31.92
31.76
31.5028
31.803
31.7102
31.6203
31.68
31.81
31.78
31.6501
31.51
31.605
31.76
31.83
31.9699
31.97
31.995
32.03
32.05
32.08
32.1101
32.13
32.19
32.1
31.955
32.02
32.079
32.075
32.05
31.88
31.83
31.68
31.7969
31.91
31.765
31.5922
31.52
31.425
31.44
31.21
31.241
31.235
31.24
31.275
31.3333
31.35
31.337
31.475
31.64
31.55
31.3976
31.34
31.3001
31.42
31.32
31.3137
31.28
31.24
31.231
31.1401
31.14
31.0201
30.935
30.8922
30.87
30.9499
30.981
30.82
30.805
30.665
30.6
30.42
30.5001
30.58
30.6001
30.4926
30.485
30.54
30.6311
30.77
30.79
30.7101
30.7251
30.8
30.82
31.1662
31.1006
30.9999
31.3
31.17
31.06
31.09
30.9101
30.98
31.07
31.065
30.95
30.96
30.97
30.92
30.85
30.805
30.84
30.75
30.76
30.7857
30.85
30.83
30.825
30.76
30.7699
30.835
30.87
30.89
30.9
30.87
30.84
30.825
30.815
30.84
30.7592
30.75
30.7623
30.76
30.8951
31.0389
31.045
31.0001
31.0323
31.06
31.07
31.07
31.085
31.065
31.03
31.025
30.98
30.985
30.973
30.95
30.99
31.05
31.05
31.05
31.09
31.09
31.08
31.02
31.0092
30.93
30.93
30.91
30.9198
30.92
30.935
30.92
30.925
30.88
30.89
30.9801
30.99
30.99
30.96
30.95
30.975
30.93
30.929
30.94
30.95
30.93
30.94
30.905
30.9235
30.915
30.925
30.9351
30.975
30.99
30.9685
31.0
30.9895
30.9901
31.0199
30.96
30.96
30.935
30.9001
30.87
30.8601
30.87
30.87
30.874
30.885
30.855
30.86
30.83
30.815
30.8262
30.8199
30.7966
30.7903
30.8057
30.82
30.7587
30.7137
30.7201
30.777
30.7866
30.83
30.81
30.7652
30.78
30.81
30.8499
30.9
30.9001
30.8938
30.9
30.905
30.915
30.926
30.93
30.9157
30.917
30.89
30.895
30.87
30.85
30.83
30.84
30.9
30.8907
30.8473
30.8108
30.825
30.87
30.907
30.8701
30.87
30.86
30.91
30.95
30.97
30.92
30.8968
30.9473
30.975
30.9
30.97
30.9367
30.9698
30.9501
30.9743
30.9501
31.0
31.0099
31.03
30.985
30.985
30.95
30.95
30.871
30.905
30.905
30.94
30.94
30.9401
30.945
30.955
30.968
30.955
30.905
30.9389
30.93
30.95
30.96
30.9089
30.89
30.9
30.88
30.857
30.835
30.805
30.805
30.875
30.85
30.87
30.8858
30.82
30.815
30.805
30.805
30.8102
30.806
30.83
30.8643
30.84
30.75
30.7201
30.7483
30.7201
30.7092
30.72
30.79
30.8
30.775
30.8399
30.885
30.8501
30.82
30.8232
30.85
30.8454
30.85
30.84
30.85
30.85
30.863
30.89
30.85
30.82
30.84
30.84
30.84
30.81
30.81
30.81
30.83
30.855
30.8699
30.86
30.8401
30.84
30.9146
30.87
30.855
30.86
30.86
30.865
30.88
30.9
30.865
30.873
30.86
30.865
30.845
30.831
30.833
30.85
30.85
30.86
30.855
30.86
30.88
30.8502
30.84
30.8101
30.815
30.84
30.817
30.8099
30.8101
30.8301
30.88
30.9
30.83
31.01
31.0001
30.99
30.99
30.99
30.93
30.93
30.94
30.92
30.84
30.87
30.98
31.5
31.7
31.51
31.5
30.95
31.0
31.21
31.2
31.3
31.4
31.4
31.5501
31.62
31.63
31.61
31.61
31.46
31.46
31.6
31.6101
31.7
31.85
31.9001
32.11
32.1
32.27
32.36
32.54
32.54
32.6
32.5
32.4
32.25
32.37
32.42
32.5
32.51
32.7
32.83
33.1
33.32
33.6701
33.76
33.75
33.49
33.3301
33.02
32.94
33.07
33.2
33.37
33.02
33.06
33.01
32.87
32.84
32.8
32.9
32.93
32.97
33.0
33.03
33.18
33.33
33.1
33.02
32.98
33.25
33.3
33.4
33.54
33.6498
33.6
33.58
33.55
33.54
33.5
33.42
33.19
33.16
33.2
33.35
33.37
33.35
33.32
33.33
33.32
33.32
33.4001
33.4001
33.4
33.4
33.35
33.32
33.26
33.4
33.58
33.6799
33.66
33.62
33.59
33.62
33.56
33.6
33.56
33.6
33.55
33.43
33.36
33.36
33.44
33.36
33.36
33.37
33.41
33.41
33.4001
33.44
33.45
33.3301
33.3099
33.21
33.34
33.4
33.45
33.45
33.4499
33.46
33.41
33.34
33.33
33.35
33.37
33.4
33.46
33.45
33.38
33.44
33.42
33.39
33.4
33.4
33.44
33.45
33.45
33.6
33.65
33.65
33.66
33.75
33.7
33.7
33.65
33.73
33.79
33.88
33.84
33.75
33.84
33.87
33.7899
33.68
33.64
33.45
33.5
33.53
33.55
33.55
33.65
33.63
33.58
33.58
33.53
33.5
33.55
33.65
33.655
33.67
33.63
33.65
33.65
33.65
33.6501
33.69
33.71
33.7
33.65
33.67
33.68
33.7
33.68
33.65
33.61
33.65
33.68
33.69
33.7
33.74
33.8
33.75
33.7201
33.72
33.73
33.73
33.71
33.73
33.71
33.7
33.74
33.73
33.72
33.7
33.72
33.79
33.76
33.75
33.77
33.75
33.76
33.76
33.76
33.75
33.83
33.84
33.9
33.85
33.87
33.45
33.25
32.86
32.49
32.5
32.67
32.7
32.7
32.86
33.0
33.08
33.05
32.97
33.02
33.0
32.92
32.99
32.89
32.89
33.0
33.0
33.0
32.89
32.69
32.6
32.62
32.64
32.47
32.37
32.55
32.6
32.5
32.58
32.65
32.65
32.65
32.65
32.65
32.58
32.58
32.5
32.45
32.37
32.5
32.5
32.62
32.78
32.85
32.85
32.73
32.71
32.71
32.8
32.71
32.75
32.89
32.89
32.9
32.89
32.8
32.8
32.7
32.62
32.65
32.65
32.7
32.78
32.75
32.78
32.75
32.9
32.74
32.57
32.7
32.86
32.98
33.0
33.17
33.17
33.17
33.7
33.62
33.68
33.5
33.6
33.22
33.5
33.4
33.6
33.6
33.7
33.8
33.72
33.52
33.57
33.31
33.46
33.5
33.5
33.65
33.68
33.55
33.59
33.41
33.46
33.4
33.26
33.35
33.33
33.33
33.37
33.35
33.16
33.15
33.1
33.0
33.19
33.15
33.05
33.1
33.05
33.05
33.15
33.15
33.12
33.15
33.2
33.21
33.24
33.28
33.28
33.28
33.25
33.25
33.2
33.2
33.18
33.16
33.08
32.9
32.79
32.91
32.95
32.93
32.73
32.67
32.5
32.51
32.5
32.45
32.6
32.42
32.3
32.2
32.11
32.21
32.1802
32.25
32.38
32.35
32.25
32.1301
32.07
32.18
32.28
32.28
32.29
32.21
32.25
32.11
32.1
31.93
31.7299
31.78
31.75
31.9
31.82
31.86
31.98
31.84
31.84
31.84
31.76
31.8
31.9
31.95
31.95
31.95
31.88
31.85
31.75
31.8
31.8
31.87
31.89
31.91
32.26
32.06
32.03
32.0
32.16
32.08
31.95
31.87
31.75
31.72
31.35
31.29
31.73
31.59
31.59
31.6
31.52
31.5302
31.57
31.56
31.79
31.77
31.955
31.9
31.88
31.76
31.81
31.77
31.86
31.99
32.01
31.26
30.5301
31.415
31.33
31.32
31.21
31.4699
31.7827
32.3414
32.495
32.1
32.0
31.68
31.53
31.83
31.77
31.55
31.7153
31.72
31.59
31.73
31.1672
31.29
30.7501
30.46
30.63
30.86
30.9711
30.93
30.94
30.7
30.94
30.8116
30.79
30.74
30.81
31.03
31.0
31.07
31.3052
31.465
31.285
31.1499
31.41
31.238
31.07
30.99
30.9199
30.9999
31.05
31.2273
31.45
31.39
31.24
31.16
31.0397
31.0645
31.14
31.23
31.2625
31.3
31.19
31.225
31.1
31.06
30.96
30.97
30.95
30.65
30.76
30.83
30.9035
30.9003
30.99
30.9311
30.985
30.81
30.86
30.82
30.83
30.74
30.6785
30.71
30.69
30.49
30.43
30.49
30.495
30.42
30.15
30.2699
30.11
29.92
30.17
30.2201
30.12
30.13
30.26
30.3101
30.2129
30.37
30.44
30.3068
30.134
30.1
30.13
30.1199
30.0497
30.03
30.23
30.17
30.1001
30.32
30.39
30.275
30.305
30.347
30.1681
30.22
30.2899
30.3751
30.3
30.3275
30.45
30.43
30.33
30.34
30.2901
30.2203
30.13
30.2
30.11
30.0799
30.08
30.0232
29.96
30.0
30.03
29.97
29.93
29.98
29.9999
30.0694
29.974
29.9892
30.09
30.12
30.07
30.05
30.08
30.1
30.14
30.335
30.3499
30.39
30.2885
30.28
30.3501
30.3699
30.39
30.3
30.31
30.285
30.3361
30.39
30.415
30.39
30.35
30.4
30.4699
30.6299
30.5999
30.6329
30.705
30.66
30.6103
30.48
30.5099
30.54
30.6
30.6195
30.66
30.7478
31.086
30.872
30.885
30.78
30.87
30.86
30.915
30.82
30.8499
31.0725
31.1423
31.21
31.1023
31.1501
31.12
31.22
31.2788
31.46
31.3999
31.3999
31.185
31.195
30.9202
30.939
31.03
31.1799
31.125
31.0399
31.08
31.16
31.32
31.5
31.35
31.47
31.59
31.72
31.82
31.75
31.541
31.5
31.72
31.745
31.7485
31.82
31.87
31.96
32.0
31.71
31.59
31.61
31.71
31.77
31.7101
31.54
31.3499
31.4401
31.4177
31.27
31.2777
31.34
31.55
31.46
31.485
31.36
31.2299
31.0217
31.1019
31.235
31.1759
31.2399
31.35
31.315
31.13
31.2635
31.39
31.38
31.41
31.5
31.37
31.28
31.3999
31.37
31.4801
31.34
31.46
31.46
31.5653
31.6299
31.56
31.69
31.67
31.64
31.6
31.5676
31.41
31.36
31.385
31.31
31.28
31.3407
31.34
31.3299
31.28
31.34
31.38
31.44
31.3847
31.385
31.34
31.3901
31.503
31.3701
31.3686
31.4043
31.4301
31.48
31.61
31.6373
31.69
31.6901
31.7131
31.8101
31.836
31.8198
31.7995
31.8309
31.84
31.7178
31.7028
31.734
31.8
31.765
31.7001
31.73
31.79
31.8299
31.725
31.5389
31.57
31.58
31.5777
31.5734
31.59
31.6044
31.71
31.73
31.79
31.81
31.83
31.845
31.7964
31.66
31.69
31.55
31.51
31.59
31.6199
31.59
31.565
31.6373
31.68
31.644
31.635
31.6717
31.67
31.64
31.68
31.6
31.6215
31.615
31.5299
31.635
31.635
31.605
31.66
31.67
31.67
31.6855
31.68
31.665
31.67
31.73
31.695
31.66
31.674
31.6
31.59
31.5499
31.46
31.44
31.47
31.46
31.55
31.62
31.66
31.67
31.62
31.655
31.62
31.6694
31.615
31.6343
31.71
31.77
31.795
31.9
31.86
31.9499
31.86
31.9
32.07
32.1
32.0
31.96
31.95
32.0
31.95
31.95
31.87
31.82
31.8
31.69
31.6
31.86
31.8
31.72
31.72
31.6
31.72
31.67
31.66
31.64
31.5
31.6
31.52
31.52
31.3502
31.31
31.47
31.32
31.4
31.45
31.35
31.46
31.4
31.4
31.39
31.46
31.4
31.39
31.43
31.66
31.55
31.68
31.67
31.67
31.6
31.55
31.55
31.55
31.55
31.6
31.86
31.54
31.6
31.6
31.51
31.57
31.52
31.52
31.53
31.51
31.5
31.49
31.41
31.4
31.35
31.34
31.42
31.4
31.35
31.32
31.32
31.31
31.33
31.3
31.3
31.26
31.25
31.25
31.3
31.3
31.3
31.3
31.39
31.4
31.45
31.48
31.5
31.5
31.42
31.45
31.5
31.6
31.6
31.5
31.54
31.5
31.45
31.45
31.45
31.52
31.45
31.54
31.49
31.45
31.35
31.3
31.35
31.4
31.5
31.3
31.3
31.28
31.2
31.17
31.2
31.12
31.14
31.03
31.01
31.02
31.1
31.0
31.0
31.0
30.9
30.89
30.99
30.95
30.92
30.94
30.97
30.91
30.91
30.86
30.85
30.82
30.8
30.8
30.85
30.8
30.81
30.82
30.82
30.81
30.84
30.8499
30.85
30.85
30.88
30.95
30.89
30.99
30.99
30.95
30.9
30.9101
30.91
30.93
30.91
30.92
30.93
30.98
30.93
30.93
30.98
30.93
30.88
30.9199
30.9
30.87
30.85
30.85
30.83
30.8
30.8
30.7999
31.6
31.9
31.71
31.89
31.9
32.0
31.99
31.99
32.0
32.0
32.18
31.94
31.94
31.94
31.91
31.92
31.9
31.9
31.8
31.55
31.55
31.55
31.51
31.31
31.27
31.22
31.22
31.21
31.21
31.21
31.0
31.09
30.95
30.95
30.94
31.1
31.1
31.1
31.1
31.15
31.18
31.25
31.07
31.0
31.03
31.2
31.07
31.3
31.25
31.18
31.18
31.14
31.14
31.03
30.95
30.9
30.7
30.86
30.9
30.9
30.94
31.09
30.94
30.95
31.15
31.2
31.1
31.2
31.4
31.15
31.1
31.2
31.0
31.0
31.0
31.1
31.0
30.88
30.88
30.88
30.98
30.93
30.8
30.9
30.9
30.9
30.88
30.89
30.86
30.87
30.81
30.81
30.85
30.92
30.78
30.77
30.9098
30.74
30.91
30.85
30.66
30.67
30.7
30.75
30.76
30.85
30.85
30.76
30.7
30.68
30.68
30.7498
30.75
30.72
30.66
30.75
30.66
30.73
31.0
31.085
31.26
31.49
31.35
31.1
31.01
31.2
31.0601
30.95
31.14
31.08
30.9
31.0
30.97
30.97
31.1
31.13
30.9531
31.04
30.99
30.95
30.9
30.9
30.95
30.95
30.95
30.95
30.91
30.92
30.86
30.89
30.95
30.95
30.92
30.93
30.9
30.86
30.84
30.83
30.82
30.84
30.86
30.82
30.75
30.75
30.78
30.75
30.68
30.7
30.53
30.57
30.54
30.53
30.48
30.5696
30.46
30.4
30.45
30.055
29.855
29.89
29.885
29.68
29.72
29.315
29.36
29.48
29.3401
29.6
29.88
29.72
29.86
29.72
29.78
29.734
29.48
29.2779
29.3893
29.44
29.235
29.2525
29.25
29.085
29.13
29.1801
29.0599
29.11
29.13
29.37
29.345
29.172
29.28
29.1
29.07
29.125
28.98
28.91
28.7094
28.84
28.665
28.58
28.455
28.49
28.6762
28.525
28.63
28.7
28.506
28.645
28.6701
28.6
28.7499
28.89
28.9896
28.9
28.845
28.815
28.84
28.735
28.53
28.59
28.61
28.6794
28.58
28.7001
28.67
28.67
28.5861
28.6045
28.6035
28.6269
28.62
28.61
28.525
28.53
28.5001
28.5401
28.55
28.5934
28.566
28.64
28.725
28.7599
28.765
28.76
28.715
28.6167
28.585
28.6102
28.68
28.73
28.7691
28.82
28.86
28.94
28.9673
28.98
28.85
28.81
28.8201
28.815
28.8358
28.81
28.81
28.8584
28.96
28.9099
28.9599
28.917
28.82
28.81
28.765
28.871
28.835
28.8472
28.77
28.7289
28.7
28.62
28.5577
28.5701
28.6201
28.61
28.56
28.595
28.61
28.555
28.609
28.6798
28.69
28.66
28.61
28.5754
28.64
28.65
28.6015
28.565
28.565
28.6
28.6
28.7084
28.79
28.89
28.83
28.82
28.8646
28.87
28.8525
28.9123
28.8589
28.78
28.8399
28.8464
28.885
28.81
28.835
28.7466
28.7601
28.7217
28.694
28.715
28.7176
28.7
28.67
28.63
28.61
28.65
28.62
28.58
28.559
28.6
28.5799
28.57
28.587
28.5901
28.6491
28.59
28.6001
28.55
28.52
28.529
28.505
28.505
28.53
28.5
28.5
28.43
28.32
28.3778
28.365
28.34
28.4325
28.4199
28.4
28.39
28.39
28.33
28.3457
28.25
28.2501
28.22
28.2401
28.1654
28.055
28.165
28.271
28.2541
28.29
28.33
28.5258
28.4101
28.44
28.4006
28.4401
28.4543
28.3801
28.4
28.3901
28.3701
28.42
28.36
28.34
28.382
28.38
28.36
28.4032
28.3899
28.3723
28.415
28.42
28.38
28.43
28.4599
28.38
28.34
28.33
28.3001
28.35
28.37
28.3403
28.37
28.3799
28.335
28.2701
28.2837
28.2
28.1577
28.17
28.19
28.2201
28.3199
28.3001
28.37
28.32
28.2552
28.2144
28.26
28.22
28.24
28.1801
28.195
28.2
28.235
28.2601
28.23
28.23
28.18
28.1901
28.155
28.19
28.22
28.229
28.26
28.265
28.2
28.25
28.19
28.325
28.26
28.295
28.35
28.35
28.3575
28.435
28.37
28.3301
28.3858
28.3819
28.365
28.355
28.34
28.3412
28.3
28.3201
28.315
28.35
28.33
28.335
28.358
28.35
28.33
28.315
28.305
28.29
28.285
28.335
28.38
28.3599
28.31
28.3162
28.285
28.227
28.29
28.2601
28.255
28.205
28.185
28.16
28.095
28.075
28.075
28.0902
28.1258
28.16
28.18
28.195
28.1807
28.2099
28.14
28.125
28.1153
28.125
28.085
28.085
28.085
28.05
28.04
28.0101
28.0238
28.0175
28.0308
28.015
28.0
28.0
28.0081
28.005
28.0
28.0
28.01
27.965
28.085
28.1171
28.15
28.129
28.14
28.0727
28.1327
28.18
28.235
28.1756
28.2499
28.3336
28.265
28.33
28.285
28.3
28.255
28.23
28.17
28.1534
28.1101
28.138
28.09
28.0901
28.14
28.1601
28.2
28.22
28.3201
28.275
28.2331
28.2784
28.27
28.17
28.16
28.14
28.18
28.21
28.2
28.15
28.15
28.16
28.2
28.21
28.3
28.34
28.2602
28.31
28.4
28.43
28.44
28.38
28.34
28.32
28.3
28.29
28.21
28.26
28.32
28.28
28.4
28.44
28.41
28.33
28.36
28.34
28.31
28.34
28.34
28.34
28.31
28.31
28.31
28.28
28.29
28.31
28.34
28.33
28.45
28.48
28.44
28.44
28.57
28.52
28.7
28.84
28.88
28.84
28.66
28.78
28.71
28.79
28.84
28.85
28.96
28.95
29.3
29.25
29.26
29.36
29.41
29.3
29.255
29.47
29.41
29.41
29.45
29.5
29.46
29.6
29.55
29.6201
29.7701
29.95
30.03
30.1
30.0
30.1
30.005
29.9
29.45
29.69
29.8
29.91
29.95
29.95
30.0
30.0
30.05
30.0
30.1
30.2
30.15
30.14
30.15
30.15
30.14
30.21
30.28
30.23
30.31
30.21
30.23
30.16
30.15
30.21
30.24
30.25
30.25
30.3
30.29
30.3
30.17
30.24
30.17
30.2
30.19
30.16
30.16
30.165
30.28
30.28
30.25
30.17
30.17
30.2
30.17
30.16
30.17
30.16
30.16
30.17
30.2
30.25
30.29
30.34
30.44
30.5
30.51
30.56
30.58
30.62
30.7501
30.85
30.81
30.81
30.8299
30.92
31.1
31.25
31.38
31.5001
31.55
31.25
31.0
30.86
30.85
30.92
31.1
31.0
30.93
30.95
30.88
30.9
30.75
30.61
30.75
30.8
30.88
30.78
30.8
30.88
30.87
30.8
30.85
30.85
30.82
30.83
30.9
30.9
31.02
31.05
31.0
31.04
30.97
30.97
30.97
30.91
30.91
30.94
30.91
30.91
30.94
30.93
30.9
30.91
30.89
30.9
30.9
30.85
30.85
30.8999
30.88
30.88
30.88
30.85
30.75
30.68
30.83
30.8
30.8
30.75
30.66
30.66
30.78
30.75
30.8
30.72
30.75
30.72
30.72
30.69
30.69
30.69
30.65
30.57
30.57
30.5
30.51
30.55
30.59
30.6
30.62
30.6
30.57
30.7
30.55
30.52
30.52
30.63
30.5
30.3
30.3
30.31
30.35
30.38
30.38
30.55
30.65
30.8
30.81
30.77
30.77
30.76
30.73
30.72
30.7
30.68
30.57
30.51
30.46
30.39
30.38
30.38
30.34
30.5
30.42
30.54
30.55
30.51
30.55
30.51
30.52
30.31
30.3
30.2
30.22
30.35
30.3
30.35
30.4
30.45
30.48
30.49
30.45
30.37
30.48
30.36
30.36
30.24
30.32
30.36
30.3
30.47
30.47
30.54
30.85
30.43
30.44
30.44
30.43
30.44
30.41
30.44
30.46
30.56
30.55
30.45
30.6
30.6
30.6
30.7
30.78
30.75
30.76
30.71
30.8
30.95
30.94
30.94
30.93
30.9
30.86
30.94
30.92
30.89
30.99
30.91
30.89
30.84
30.82
30.75
30.72
30.71
30.69
30.65
30.59
30.43
30.48
30.37
30.45
30.4
30.31
30.3
30.3
30.2
30.2
30.12
30.3
30.2
30.2
30.2
30.2
30.18
30.1
30.1
30.14
30.0
30.11
30.1
30.16
30.2
30.3
30.3
30.26
30.3
30.39
30.3
30.3
30.38
30.34
30.23
30.2
30.2
30.33
30.34
30.3998
30.3
30.3
30.3
30.26
30.18
30.2
30.2
30.2
30.27
30.25
30.32
30.26
30.41
30.41
30.4001
30.41
30.3998
30.39
30.38
30.3
30.3
30.26
30.32
30.26
30.26
30.2
30.2101
30.24
30.3
30.3201
30.35
30.32
30.25
30.25
30.25
30.25
30.3
30.22
30.21
30.24
30.28
30.22
30.21
30.25
30.23
30.21
30.19
30.15
30.11
30.1299
30.08
30.1
30.06
30.05
30.11
30.18
30.3
30.35
30.28
30.1
30.1
30.0
29.92
29.91
29.76
29.62
29.51
29.64
29.5
29.52
29.64
29.7
29.78
29.81
29.79
29.7
29.7
29.74
29.72
29.7
29.68
29.62
29.75
29.76
29.75
30.0
29.97
29.9299
29.36
29.17
29.5599
29.5399
29.705
29.585
29.605
29.3421
29.38
29.3356
29.2001
29.3714
29.48
29.405
29.46
29.41
29.28
29.3599
29.22
29.21
29.28
29.4001
29.5208
29.49
29.5399
29.655
29.77
29.9
29.935
29.8423
29.7351
29.73
29.6
29.67
29.6301
29.61
29.54
29.4101
29.385
29.38
29.3332
29.335
29.185
29.26
29.2
29.23
29.23
29.24
29.2
29.2477
29.24
29.15
29.25
29.28
29.32
29.3256
29.45
29.33
29.26
29.29
29.25
29.177
29.1135
29.1699
29.1598
29.14
29.1557
29.1337
29.1799
29.221
29.205
29.1707
29.19
29.145
29.15
29.0801
29.06
29.0302
28.9801
29.04
29.04
29.03
29.0108
29.15
29.12
29.165
29.167
29.17
29.1165
29.19
29.2
29.26
29.3099
29.22
29.23
29.3394
29.32
29.3412
29.34
29.3299
29.3299
29.3699
29.4
29.43
29.4399
29.39
29.35
29.355
29.415
29.3999
29.315
29.36
29.4458
29.36
29.4
29.34
29.3
29.3304
29.2399
29.28
29.2601
29.2768
29.29
29.3508
29.34
29.3489
29.335
29.36
29.265
29.3152
29.29
29.13
29.14
29.1
29.17
29.18
29.155
29.1297
29.145
29.0851
29.1515
29.12
29.13
29.105
29.135
29.135
29.12
29.1745
29.2278
29.19
29.1858
29.23
29.3
29.27
29.2806
29.3
29.25
29.23
29.2417
29.24
29.23
29.2401
29.28
29.245
29.235
29.2577
29.29
29.2413
29.24
29.2489
29.19
29.2
29.185
29.17
29.155
29.158
29.17
29.1948
29.16
29.18
29.21
29.231
29.2125
29.2147
29.18
29.1915
29.225
29.27
29.3152
29.38
29.4234
29.42
29.368
29.36
29.36
29.335
29.298
29.36
29.39
29.3699
29.3697
29.37
29.41
29.4099
29.42
29.38
29.42
29.4
29.385
29.4
29.435
29.4699
29.42
29.3868
29.44
29.455
29.44
29.46
29.46
29.486
29.4989
29.59
29.57
29.6
29.59
29.67
29.77
29.784
29.8
29.6702
29.6786
29.5867
29.53
29.6301
29.66
29.6701
29.635
29.6101
29.5765
29.5701
29.5611
29.565
29.59
29.56
29.615
29.6344
29.655
29.59
29.625
29.635
29.6599
29.625
29.59
29.4599
29.41
29.34
29.33
29.37
29.33
29.2801
29.3179
29.3399
29.3646
29.3722
29.38
29.4
29.365
29.305
29.3189
29.26
29.23
29.2231
29.205
29.184
29.22
29.2199
29.2
29.195
29.1801
29.16
29.175
29.165
29.1699
29.27
29.24
29.2301
29.26
29.31
29.295
29.31
29.35
29.3113
29.2556
29.2301
29.26
29.31
29.2825
29.2207
29.286
29.235
29.22
29.28
29.31
29.318
29.275
29.245
29.2491
29.275
29.3
29.26
29.295
29.3101
29.32
29.3
29.3181
29.37
29.39
29.42
29.3701
29.36
29.34
29.319
29.2821
29.255
29.2601
29.3099
29.3142
29.34
29.3499
29.3399
29.38
29.35
29.36
29.3299
29.33
29.3495
29.345
29.3201
29.35
29.345
29.37
29.355
29.305
29.305
29.2889
29.315
29.33
29.351
29.3801
29.3323
29.31
29.305
29.235
29.21
29.2501
29.245
29.2
29.2201
29.195
29.2007
29.2357
29.27
29.2999
29.225
29.235
29.2299
29.2654
29.27
29.27
29.265
29.265
29.27
29.2501
29.265
29.2
29.14
29.1234
29.15
29.1185
29.3
29.238
29.14
29.115
29.0499
29.03
29.0205
29.03
29.015
29.07
29.09
29.1
29.12
29.0684
29.18
29.22
29.26
29.25
29.22
29.2
29.2
29.15
29.15
29.1
29.05
29.01
28.9998
28.99
28.9
28.9
28.97
29.0
29.08
29.0
29.0
28.98
29.0
29.0
29.0
29.0498
29.05
29.02
29.05
29.02
29.02
29.0001
28.99
28.95
28.96
28.96
28.99
29.04
28.96
29.0
29.0
29.07
29.0
29.0
29.1
29.09
29.02
29.11
29.14
29.11
29.11
29.11
29.14
29.14
29.14
29.08
29.14
29.11
29.11
29.08
29.07
29.03
29.03
29.08
29.05
29.05
29.07
29.1
29.08
29.08
29.1
29.14
29.12
29.12
29.08
29.0999
29.1
29.09
29.1
29.1
29.08
29.08
29.14
29.1
29.08
29.05
29.08
29.09
29.06
29.09
29.06
29.03
29.03
29.0301
29.02
29.02
29.04
29.05
29.02
29.02
29.02
29.0
29.01
29.03
29.02
29.03
29.03
29.05
29.08
29.06
29.07
29.06
29.05
29.05
29.05
29.04
29.0
29.0
28.95
28.95
28.95
28.95
28.93
29.0
28.9
28.86
28.86
28.89
28.92
28.97
28.91
28.97
28.9
28.96
28.96
28.91
28.9
28.91
28.91
28.87
28.87
28.8
28.8001
28.82
28.81
28.81
28.8
28.8
28.79
28.78
28.7
28.72
28.81
28.76
28.8
28.79
28.81
28.79
28.78
28.79
28.8
28.85
28.8
28.85
28.92
28.84
28.83
28.1
28.51
28.5
28.5
28.5
28.5
28.5
28.3
28.5
28.35
28.35
28.3
28.25
28.25
28.25
28.22
28.22
28.24
28.3
28.28
28.28
28.46
28.48
28.62
28.41
28.42
28.4
28.42
28.42
28.39
28.38
28.4
28.4
28.35
28.35
28.4
28.38
28.35
28.35
28.35
28.3
28.3
28.3
28.31
28.4
28.35
28.44
28.45
28.2
28.1
28.01
27.92
27.88
27.83
27.82
27.7
27.51
27.55
27.5
27.5
27.55
27.64
27.69
27.65
27.66
27.65
27.61
27.53
27.64
27.68
27.6
27.52
27.55
27.5
27.47
27.45
27.5
27.5
27.5
27.6
27.53
27.48
27.41
27.4
27.41
27.36
27.4
27.3
27.33
27.32
27.38
27.37
27.38
27.34
27.34
27.4
27.4
27.38
27.37
27.27
27.1
27.17
27.25
27.2
27.21
27.3
27.35
27.4
27.35
27.21
27.3
27.4
27.35
27.35
27.4
27.88
27.65
27.56
27.64
27.59
27.43
27.49
27.46
27.46
27.38
27.4
27.4
27.35
27.3
27.17
27.29
27.1
27.2
27.13
27.15
27.08
27.0802
27.17
27.15
27.22
27.2498
27.24
27.25
27.3
27.48
27.4
27.33
27.33
27.33
27.38
27.35
27.48
27.4
27.36
27.37
27.33
27.33
27.35
27.45
27.44
27.69
27.83
27.7
27.73
27.74
27.66
27.6499
27.58
27.51
27.51
27.52
27.52
27.52
27.5602
27.65
27.68
27.6498
27.72
27.71
27.65
27.55
27.5
27.5
27.52
27.5202
27.59
27.55
27.6
27.69
27.7
27.92
27.91
27.4511
27.3895
27.03
26.83
26.8398
27.1145
27.2781
27.27
27.39
27.1748
27.225
27.36
27.51
27.73
27.475
27.715
27.835
27.79
27.71
27.6
27.81
27.71
27.64
27.5701
27.4328
27.5499
27.585
27.54
27.6101
27.55
27.43
27.425
27.475
27.625
27.7499
27.79
27.88
27.83
28.139
28.03
28.0501
27.995
27.8658
28.05
27.9161
27.91
27.93
27.8899
27.87
27.99
27.85
27.91
27.875
27.8201
27.84
27.9152
27.75
27.6201
27.62
27.588
27.5
27.5838
27.6022
27.6028
27.5792
27.54
27.5399
27.6099
27.53
27.555
27.595
27.72
27.84
27.803
27.9501
28.02
28.0001
28.05
27.89
27.9332
28.03
27.97
27.95
27.97
28.03
28.1492
28.1626
28.04
28.12
28.1049
28.1001
28.18
28.205
28.135
28.155
28.16
28.2013
28.1401
28.04
28.09
28.08
28.06
28.0499
28.08
28.15
28.21
28.22
28.31
28.3281
28.29
28.3305
28.33
28.361
28.35
28.362
28.36
28.33
28.2358
28.3399
28.3402
28.28
28.34
28.34
28.34
28.37
28.52
28.4401
28.41
28.49
28.52
28.52
28.48
28.46
28.552
28.54
28.535
28.61
28.63
28.6064
28.6
28.56
28.6346
28.6325
28.5801
28.55
28.58
28.5262
28.5801
28.5747
28.53
28.54
28.4
28.34
28.37
28.2799
28.335
28.3582
28.355
28.4
28.46
28.455
28.39
28.32
28.32
28.2811
28.2401
28.237
28.31
28.335
28.35
28.2989
28.34
28.31
28.22
28.225
28.2794
28.2836
28.2389
28.2597
28.16
28.155
28.22
28.245
28.23
28.2961
28.32
28.25
28.24
28.32
28.2621
28.27
28.29
28.24
28.24
28.248
28.26
28.2423
28.239
28.2493
28.2453
28.22
28.25
28.215
28.13
28.0999
28.06
28.03
28.032
28.085
28.03
27.95
27.82
27.824
27.7766
27.8498
27.94
27.9703
27.88
27.93
27.9
27.9219
27.9794
27.9863
27.965
27.86
27.8697
27.843
27.8799
27.9085
27.9199
27.9
27.96
27.91
27.87
27.83
27.8801
27.9601
27.9501
28.015
28.108
28.04
28.03
28.03
27.965
28.0
27.92
27.9399
27.88
27.91
27.97
28.02
28.02
27.9895
27.97
27.98
27.9439
27.88
27.92
27.85
27.8599
27.9
27.9
27.86
27.9091
27.95
27.9
27.955
27.97
28.01
27.94
27.925
27.9529
27.99
27.97
27.965
27.975
27.925
27.8801
27.88
27.91
27.9
27.83
27.79
27.7862
27.84
27.7531
27.78
27.7884
27.78
27.7733
27.76
27.65
27.645
27.57
27.585
27.6096
27.56
27.5499
27.44
27.36
27.5104
27.56
27.6398
27.61
27.5646
27.535
27.56
27.645
27.63
27.63
27.59
27.565
27.545
27.57
27.57
27.52
27.59
27.62
27.62
27.635
27.5371
27.49
27.54
27.48
27.44
27.3801
27.42
27.37
27.4208
27.3701
27.425
27.475
27.5
27.47
27.41
27.3201
27.4101
27.45
27.4101
27.425
27.41
27.3799
27.43
27.5016
27.47
27.42
27.5
27.51
27.44
27.38
27.4399
27.4799
27.54
27.59
27.67
27.59
27.62
27.5813
27.66
27.73
27.6301
27.7098
27.72
27.7347
27.8298
27.7998
27.8
27.7958
27.73
27.74
27.7501
27.8389
27.78
27.73
27.775
27.785
27.77
27.815
27.79
27.84
27.81
27.76
27.75
27.755
27.79
27.845
27.77
27.785
27.82
27.78
27.75
27.8301
27.84
27.89
27.89
27.9
27.9
27.8701
27.75
27.79
27.77
27.79
27.79
27.84
27.85
27.85
27.79
27.8202
27.86
27.86
27.83
27.83
27.81
27.74
27.79
27.75
27.75
27.8199
27.8
27.82
27.81
27.75
27.82
27.78
27.82
27.82
27.8
27.85
27.79
27.82
27.85
27.85
27.9
27.98
27.97
27.92
27.95
27.96
27.97
27.99
27.9602
27.94
27.95
28.01
28.0002
28.11
28.11
28.21
28.22
28.1807
28.12
28.02
28.07
28.02
28.02
28.02
28.02
28.0398
28.02
28.0
28.0
28.0
27.9
27.8
27.89
27.85
27.9
27.99
28.06
28.07
28.09
28.04
28.0
27.9
27.99
27.9
28.04
27.9
27.91
27.9
27.9
27.91
27.95
27.86
27.85
27.86
27.85
27.85
27.83
27.85
27.85
27.86
27.85
27.85
27.85
27.82
27.8
27.8
27.79
27.78
27.84
27.84
27.8
27.81
27.82
27.94
27.82
27.82
27.81
27.91
27.93
27.9
27.99
27.9
27.9
27.9
27.99
28.02
28.05
28.04
28.04
27.9
27.98
27.99
27.99
27.95
27.95
27.95
27.98
27.9501
27.97
28.06
28.06
28.0
27.98
28.0
28.03
28.03
27.98
28.06
28.06
28.02
28.0
28.0
28.0
27.95
27.91
27.91
27.96
27.95
27.95
28.0
27.68
27.25
27.4
27.4
27.4
27.5
27.7
27.33
27.35
27.6
27.28
27.28
27.23
27.13
27.28
27.13
27.11
27.11
27.21
27.21
27.17
27.15
27.1
27.1
27.05
27.05
27.0
27.0
26.97
26.97
26.97
26.97
26.97
27.0
27.0
27.02
27.0
26.97
27.0
27.0
26.97
27.08
27.02
26.9
26.9
26.9
26.9
26.8
27.1
27.1
27.11
27.2
27.2
27.1
27.06
27.02
27.02
27.05
27.05
27.01
27.11
27.11
27.15
27.15
27.11
27.11
27.08
27.08
27.14
27.1
27.07
27.05
27.08
27.1
27.18
27.18
27.15
27.08
27.07
27.06
27.1
27.05
27.07
27.1
27.05
27.0999
27.05
27.0502
26.93
26.98
27.0
27.0
27.01
27.06
27.0
27.0002
27.0
27.02
27.03
27.03
27.0
27.0
27.01
27.01
27.01
27.05
27.06
27.07
27.09
27.09
27.19
27.2
27.18
27.17
27.19
27.17
27.1
27.16
27.18
27.18
27.19
27.2
27.18
27.2099
27.22
27.25
27.3
27.3
27.31
27.21
27.28
27.3
27.18
27.22
27.18
27.2
27.17
27.23
27.21
27.21
27.21
27.23
27.2
27.2
27.1998
27.2
27.17
27.15
27.14
27.12
27.1
27.09
27.1002
27.15
27.1498
27.12
27.14
27.1398
27.14
27.14
27.1
27.01
26.82
26.9
27.0899
27.2068
27.295
27.3274
27.4646
27.635
27.4
27.4499
27.6401
27.63
27.7202
27.84
27.8201
28.0605
28.065
28.0562
28.0801
28.09
28.05
28.02
28.1201
28.0501
28.15
28.355
28.335
28.2165
28.1301
28.2782
28.07
28.0564
28.06
28.06
28.0519
27.8367
27.9001
27.91
27.87
27.874
27.9027
28.01
28.16
28.03
27.9399
27.96
27.97
28.0701
27.98
28.1044
28.09
28.169
28.24
28.1699
28.1801
28.25
28.16
28.1199
28.17
28.27
28.1918
28.14
28.09
28.03
28.05
28.01
27.99
27.95
28.0601
27.99
27.97
27.92
27.88
27.82
27.92
27.91
27.91
27.86
27.87
27.7359
27.67
27.6899
27.61
27.6001
27.63
27.63
27.6501
27.57
27.58
27.64
27.58
27.65
27.63
27.5999
27.5
27.49
27.5107
27.56
27.56
27.54
27.52
27.47
27.5
27.415
27.38
27.35
27.44
27.3697
27.515
27.68
27.7702
27.67
27.665
27.75
27.6301
27.75
27.61
27.56
27.5801
27.59
27.71
27.765
27.665
27.68
27.62
27.5777
27.59
27.537
27.56
27.57
27.53
27.64
27.61
27.54
27.5518
27.56
27.61
27.62
27.65
27.66
27.6398
27.66
27.6705
27.65
27.675
27.67
27.66
27.71
27.702
27.7393
27.67
27.65
27.64
27.61
27.5735
27.64
27.7001
27.715
27.68
27.7
27.75
27.7901
27.77
27.83
27.7702
27.8
27.8
27.76
27.715
27.78
27.79
27.77
27.755
27.74
27.76
27.815
27.8351
27.78
27.76
27.74
27.71
27.685
27.63
27.6
27.6021
27.605
27.6423
27.62
27.6201
27.645
27.7368
27.76
27.7099
27.687
27.71
27.785
27.75
27.755
27.76
27.82
27.9001
27.915
27.95
27.9
27.9542
27.93
27.9341
27.915
27.88
27.92
27.9998
27.96
27.9514
27.94
27.945
27.94
27.9101
27.89
27.89
27.86
27.81
27.79
27.7282
27.7298
27.67
27.7099
27.66
27.63
27.71
27.7501
27.7798
27.8168
27.79
27.83
27.81
27.83
27.85
27.86
27.8656
27.8719
27.87
27.8597
27.88
27.9499
27.9352
27.88
27.95
27.98
27.97
28.04
27.97
27.88
27.913
27.88
27.85
27.8401
27.87
27.88
27.83
27.81
27.82
27.84
27.7603
27.7335
27.75
27.76
27.76
27.7
27.65
27.69
27.6214
27.645
27.69
27.765
27.8299
27.85
27.8823
27.92
27.89
27.91
27.94
27.93
27.93
27.88
27.8937
27.87
27.92
27.8724
27.865
27.9464
28.0
27.935
27.99
28.13
28.11
28.1199
28.1699
28.06
28.07
28.06
28.04
28.04
28.065
28.02
28.0912
28.06
28.13
28.07
28.04
28.07
28.04
27.97
28.0104
27.94
27.99
27.96
28.0
28.01
28.0499
28.055
28.04
28.002
28.04
28.0655
28.105
28.106
28.07
28.04
28.0304
28.005
28.02
28.005
28.04
28.0399
28.06
28.02
27.89
27.98
27.95
27.9505
28.0
28.005
27.97
28.03
28.061
28.06
28.1
28.07
28.035
28.06
28.087
28.04
28.02
28.05
28.04
28.05
27.98
27.995
27.9299
27.93
27.97
27.87
27.819
27.94
27.89
27.9101
27.92
27.79
27.82
27.815
27.795
27.78
27.8
27.7461
27.78
27.7455
27.775
27.7727
27.7715
27.77
27.845
27.8499
27.8581
27.83
27.83
27.88
27.9234
27.9
27.89
27.86
27.8115
27.9
27.92
27.92
27.8226
27.8233
27.8201
27.88
27.82
27.8
27.75
27.8
27.85
27.82
27.782
27.85
27.85
27.75
27.75
27.8
27.8
27.76
27.84
27.78
27.7999
27.8
27.75
27.75
27.75
27.84
27.88
26.74
26.33
27.01
26.82
26.77
26.9
26.82
26.78
26.71
27.02
27.0929
26.92
27.1
27.2
27.26
27.35
27.32
27.3
27.14
27.29
27.16
27.24
27.2
27.18
27.15
27.2
27.14
27.14
27.27
27.2
27.2
27.24
27.25
27.32
27.58
27.45
27.42
27.42
27.42
27.46
27.4
27.4
27.4
27.43
27.36
27.37
27.36
27.35
27.35
27.38
27.36
27.35
27.35
27.37
27.35
27.35
27.35
27.36
27.38
27.36
27.35
27.35
27.35
27.3
27.32
27.3
27.26
27.25
27.27
27.35
27.2999
27.26
27.16
27.25
27.25
27.2
27.2
27.17
27.17
27.2
27.19
27.2
27.2
27.25
27.24
27.29
27.3
27.3
27.27
27.27
27.27
27.27
27.3
27.3
27.3
27.3
27.31
27.3
27.34
27.3
27.34
27.3
27.3399
27.32
27.4
27.44
27.45
27.45
27.45
27.45
27.4399
27.45
27.45
27.44
27.88
27.37
27.37
27.42
27.44
27.4
27.44
27.39
27.37
27.33
27.33
27.4
27.42
27.42
27.39
27.4
27.39
27.4
27.36
27.39
27.34
27.35
27.39
27.39
27.37
27.35
27.35
27.35
27.39
27.35
27.37
27.36
27.4
27.44
27.43
27.4
27.37
27.37
27.45
27.45
27.47
27.4
27.42
27.44
27.44
27.44
27.42
27.39
27.39
27.3499
27.33
27.35
27.35
27.37
27.37
27.4
27.4
