Null
Null
Null
Null
Null
Null
Null
Null
Null
Null
Null
Null
Null
Null
Null
Null
Null
Null
Null
Null
Null
Null
Null
Null
Null
Null
Null
Null
Null
Null
Null
Null
Null
Null
Null
Null
Null
Null
Null
Null
Null
Null
Null
Null
Null
Null
Null
Null
Null
Null
Null
Null
Null
Null
Null
Null
Null
Null
Null
Null
Null
Null
Null
Null
Null
Null
Null
Null
Null
Null
Null
Null
Null
Null
Null
Null
Null
Null
Null
Null
Null
Null
Null
Null
Null
Null
Null
Null
Null
Null
Null
8.16
Null
Null
Null
Null
Null
Null
8.24
Null
8.25
Null
Null
Null
Null
Null
8.19
Null
Null
Null
Null
Null
Null
Null
Null
Null
Null
Null
8.3
Null
Null
Null
Null
Null
8.3399
Null
Null
Null
8.34
Null
Null
Null
8.34
Null
8.34
Null
Null
Null
Null
Null
8.34
Null
Null
Null
8.39
Null
Null
Null
8.34
8.25
OPEN
8.37
8.35
8.35
8.31
8.29
8.23
8.225
8.225
8.2
8.2
8.206
8.17
8.195
8.2
8.17
8.1598
8.12
8.12
8.135
8.1322
8.14
8.195
8.205
8.195
8.19
8.19
8.16
8.18
8.19
8.19
8.205
8.2
8.2
8.25
8.23
8.205
8.21
8.21
8.2383
8.225
8.21
8.195
8.18
8.2
8.19
8.21
8.205
8.21
8.2
8.205
8.2
8.19
8.185
8.18
8.185
8.19
8.2
8.19
8.19
8.185
8.2
8.19
8.195
8.195
8.19
8.195
8.185
8.195
8.195
8.195
8.2
8.19
8.195
8.19
8.18
8.17
8.17
8.175
8.175
8.2
8.195
8.195
8.2
8.17
8.165
8.165
8.165
8.16
8.1606
8.17
8.155
8.155
8.155
8.155
8.155
8.115
8.115
8.138
8.15
8.155
8.155
8.155
8.155
8.165
8.165
8.165
8.165
8.165
8.165
8.165
8.165
8.165
8.165
8.17
8.2
8.215
8.215
8.2175
8.22
8.215
8.185
8.18
8.185
8.19
8.1875
8.185
8.185
8.185
8.185
8.185
8.195
8.19
8.2
8.205
8.2
8.205
8.205
8.205
8.205
8.21
8.21
8.195
8.19
8.195
8.195
8.195
8.195
8.2
8.185
8.19
8.19
8.185
8.185
8.21
8.215
8.22
8.215
8.22
8.22
8.22
8.21
8.19
8.195
8.17
8.165
8.165
8.16
8.17
8.165
8.17
8.165
8.165
8.16
8.165
8.16
8.165
8.165
8.165
8.2
8.205
8.21
8.21
8.2
8.2
8.2
8.2
8.215
8.2161
8.22
8.215
8.215
8.2
8.205
8.205
8.195
8.195
8.2
8.195
8.19
8.195
8.195
8.195
8.195
8.2
8.21
8.21
8.21
8.205
8.195
8.195
8.175
8.175
8.175
Null
8.18
8.18
8.175
8.175
8.17
8.14
8.15
8.155
8.1526
8.17
8.17
8.165
8.17
8.17
8.17
Null
8.165
8.17
8.165
8.1369
8.145
8.145
8.165
8.165
8.19
8.185
8.1866
8.19
8.19
8.19
8.185
8.18
8.175
8.2
8.195
8.2
Null
8.2
8.185
8.185
8.185
8.16
8.17
8.15
8.165
8.165
8.165
8.17
8.17
8.165
8.17
8.17
8.17
Null
8.17
8.17
8.18
8.19
8.19
8.19
8.195
8.2
8.2
8.2
8.2
8.2
8.195
8.2
8.2
8.2
8.21
8.2
8.19
8.195
8.195
8.2
8.195
8.19
8.19
8.18
8.2
8.2
8.205
8.21
8.205
8.2
8.195
8.21
8.205
8.1905
8.19
8.16
8.165
8.135
8.15
8.145
8.16
8.145
8.165
8.17
8.145
8.16
8.145
8.135
8.14
8.14
8.125
8.115
8.115
8.14
8.14
8.125
8.15
8.14
8.12
8.15
8.155
8.145
8.155
8.155
8.135
8.145
8.14
8.135
8.145
8.15
8.155
8.16
8.16
8.155
8.145
8.15
8.15
8.15
8.145
8.15
8.145
Null
8.15
8.15
8.155
8.155
8.145
8.155
8.155
8.15
8.135
8.15
8.14
8.14
8.15
8.155
8.155
8.155
8.155
8.155
8.155
8.15
8.155
8.15
8.14
8.145
8.145
8.145
8.145
8.15
8.145
8.145
8.15
8.15
8.15
8.145
8.15
8.145
8.125
8.12
8.12
