2.21
2.2158
2.22
2.215
2.22
2.225
2.235
2.235
2.22
2.165
2.16
2.1951
2.1806
2.1903
2.2115
2.22
2.21
2.21
2.2063
2.1753
2.18
2.1713
2.175
2.1301
2.15
2.16
2.1794
2.17
2.18
2.19
2.1875
2.178
2.1867
2.18
2.1829
2.19
2.185
2.18
2.2
2.19
2.22
2.215
2.22
2.2009
2.2
2.21
2.215
2.2
2.19
2.1784
2.19
2.19
2.19
2.2
2.21
2.21
2.23
2.23
2.24
2.24
2.235
2.265
2.28
2.26
2.255
2.2701
2.29
2.3181
2.3078
2.32
2.3
2.3189
2.32
2.3166
2.3011
2.2945
2.31
2.2987
2.27
2.26
2.27
2.265
2.27
2.285
2.28
2.29
2.2938
2.29
2.2999
2.31
2.2981
2.2857
2.29
2.276
2.2842
2.27
2.275
2.255
2.26
2.255
2.2665
2.2512
2.2581
2.2597
2.26
2.28
2.27
2.28
2.29
2.28
2.2781
2.2799
2.265
2.265
2.265
2.28
2.279
2.285
2.28
2.285
2.285
2.292
2.295
2.31
2.305
2.315
2.3219
2.31
2.3019
2.3115
2.32
2.34
2.34
2.34
2.325
2.32
2.315
2.32
2.3231
2.325
2.3116
2.325
2.315
2.3133
2.33
2.33
2.325
2.325
2.325
2.325
2.32
2.3258
2.32
2.325
2.3261
2.33
2.33
2.33
2.34
2.3365
2.34
2.35
2.335
2.33
2.34
2.33
2.31
2.315
2.32
2.3219
2.315
2.3157
2.32
2.3165
2.32
2.3186
2.3045
2.31
2.31
2.32
2.3198
2.325
2.315
2.32
2.32
2.315
2.305
2.305
2.305
2.2911
2.3062
2.305
2.3
2.3
2.295
2.305
2.305
2.31
2.3098
2.31
2.305
2.305
2.28
2.275
2.28
2.285
2.2881
2.2819
2.28
2.2866
2.29
2.2899
2.285
2.29
2.285
2.2919
2.29
2.3
2.295
2.32
2.3177
2.31
2.3181
2.31
2.32
2.315
2.33
2.33
2.31
2.315
2.315
2.32
2.32
2.31
2.31
2.315
2.315
2.315
2.3281
2.32
2.3241
2.3298
2.33
2.3219
2.325
2.335
2.3399
2.33
2.3381
2.34
2.32
2.32
2.32
2.3301
2.33
2.33
2.33
2.3399
2.335
2.34
2.335
2.3358
2.34
2.36
2.345
2.3307
2.33
2.332
2.335
2.34
2.345
2.34
2.345
2.34
2.3405
2.34
2.3492
2.34
2.335
2.35
2.34
2.3354
2.3394
2.335
2.335
2.325
2.325
2.3132
2.31
2.3087
2.31
2.32
2.3172
2.315
2.3261
2.315
2.3135
2.31
2.3087
2.315
2.325
2.325
2.325
2.33
2.3308
2.33
2.33
2.34
2.33
2.33
2.34
2.33
2.335
2.3301
2.33
2.335
2.3399
2.34
2.34
2.335
2.33
2.34
2.33
2.34
2.335
2.34
2.35
2.345
2.3375
2.33
2.33
2.32
2.315
2.319
2.33
2.32
2.32
2.33
2.32
2.32
2.3256
2.32
2.305
2.31
2.3143
2.3109
2.31
2.3164
2.31
2.315
2.315
2.31
2.3181
2.315
2.32
2.3219
2.32
2.32
2.325
2.325
2.32
2.325
2.33
2.345
2.34
2.33
2.33
2.335
2.335
2.335
2.335
2.33
2.3437
2.3401
2.345
2.345
2.345
2.3301
2.33
2.335
2.36
2.345
2.35
2.365
2.355
2.35
2.35
2.3566
2.36
2.355
2.36
