40.0699
39.76
40.03
40.01
39.91
39.73
39.87
39.925
39.8101
39.88
40.0938
40.2
40.285
40.31
40.42
40.53
40.56
40.49
40.51
40.475
40.465
40.66
40.8
40.785
40.82
40.96
41.21
40.98
40.91
40.91
40.845
40.835
40.91
40.99
40.95
40.87
40.89
40.837
41.0001
41.06
40.93
41.0
40.99
40.86
40.86
40.815
40.74
40.87
40.79
40.93
41.14
41.1299
41.18
41.37
41.375
41.54
41.437
41.515
41.75
41.77
41.7883
41.74
41.8
41.77
41.7064
41.6858
41.66
41.57
41.765
41.71
41.68
41.643
41.5475
41.51
41.6141
41.6
41.5518
41.56
41.57
41.54
41.64
41.905
41.88
41.89
41.9
41.8729
41.91
41.94
42.13
41.965
41.88
41.795
41.605
41.685
41.55
41.51
41.495
41.525
41.49
41.36
41.305
41.19
41.19
41.125
41.115
41.105
41.17
41.15
41.21
41.245
41.2816
41.16
41.09
41.16
41.13
41.155
41.11
41.0384
41.035
40.9601
41.06
41.13
41.01
41.01
40.87
40.74
40.8475
40.8396
40.78
40.83
40.79
40.875
40.81
40.785
40.77
40.7395
40.79
40.7594
40.7601
40.65
40.655
40.69
40.7073
40.65
40.655
40.651
40.6598
40.68
40.69
40.74
40.745
40.75
40.73
40.7096
40.777
40.93
40.95
40.845
40.8575
40.94
41.1
41.09
41.1294
41.1099
41.0905
41.13
41.11
41.065
41.0319
41.04
41.04
41.06
41.055
41.1
41.05
41.11
41.1
41.0499
41.0401
41.05
41.05
41.0314
40.98
40.935
40.94
40.92
41.07
41.07
40.97
40.975
41.055
41.04
40.955
40.945
40.9
41.04
40.99
40.95
40.92
41.03
41.15
41.09
41.17
41.07
41.0835
41.06
41.02
41.045
41.01
41.03
41.1401
41.09
41.03
41.05
41.01
41.005
40.98
40.97
40.955
40.966
40.96
40.92
40.86
40.86
40.78
40.85
40.74
40.72
40.73
40.76
40.7776
40.805
40.8
40.79
40.78
40.7499
40.775
40.78
40.795
40.87
40.86
40.83
40.8
40.81
40.85
40.82
40.84
40.88
40.86
40.84
40.82
40.71
40.715
40.73
40.77
40.645
40.645
40.6468
40.59
40.5231
40.49
40.55
40.58
40.66
40.72
40.68
40.68
40.67
40.6
40.6903
40.5899
40.62
40.58
40.68
40.69
40.73
40.77
40.86
40.78
40.763
40.78
40.765
40.81
40.83
40.82
40.7955
40.81
40.8454
40.87
40.9266
40.95
40.93
41.01
41.115
41.05
41.1136
41.16
41.093
41.11
41.11
41.09
40.98
41.025
40.95
40.97
41.05
41.095
41.06
40.98
41.03
41.04
41.02
41.04
40.96
40.9845
41.0402
41.117
41.1402
41.155
41.17
41.109
41.15
41.265
41.35
41.4
41.4503
41.39
41.343
41.4
41.41
41.4462
41.4804
41.5
41.59
41.655
41.625
41.32
41.4499
41.355
41.375
41.44
41.47
41.4
41.43
41.495
41.49
41.52
41.53
41.49
41.5
41.56
41.585
41.54
41.54
41.485
41.56
41.45
41.45
41.465
41.355
41.37
41.325
41.1995
41.32
41.2801
41.46
41.51
41.3494
41.4
41.38
41.32
41.365
41.36
41.4
41.32
41.31
41.2782
41.265
41.27
41.19
41.22
41.0952
41.0864
41.0655
41.0162
41.085
41.095
41.08
41.045
40.97
41.11
41.06
41.08
41.11
40.96
41.11
41.11
41.11
41.18
41.11
41.04
41.14
41.04
41.0
40.9
40.9501
40.96
41.09
41.11
41.11
41.11
41.14
41.1
41.14
41.14
41.1
41.15
41.15
41.03
41.03
41.12
41.06
41.15
41.15
41.15
41.18
41.17
41.17
41.12
41.12
41.1
41.15
41.15
41.15
41.14
41.15
41.15
41.18
41.22
41.19
41.25
41.23
41.3
41.29
41.2
41.3
41.11
41.2
41.0801
41.07
41.22
41.11
41.14
41.14
41.14
41.15
41.15
41.2199
41.16
41.21
41.22
41.3
41.3
41.26
41.2501
41.25
